-1.103537245675746270e+01 8.901260380263467553e+00
-1.266175229478643338e+01 1.076585562923285089e+01
-1.425002835765298492e+01 1.264766535417559190e+01
-1.579933497119027841e+01 1.454472046395016704e+01
-1.730898353706080783e+01 1.645503960364404961e+01
-1.877847249615554404e+01 1.837664747776221219e+01
-2.020749713575556683e+01 2.030759337635719675e+01
-2.159595965120504246e+01 2.224596951235078990e+01
-2.294398000989951214e+01 2.418992868104940186e+01
-2.425190832159826471e+01 2.613770060755847879e+01
-2.552033959183881962e+01 2.808760612517421862e+01
-2.675013193863949112e+01 3.003806797328138600e+01
-2.794242950485148569e+01 3.198761646259981362e+01
-2.909869147736070261e+01 3.393488750286425670e+01
-3.022072865484150839e+01 3.587860895535379058e+01
-3.131074858245304426e+01 3.781756975624356443e+01
-3.237140995301675872e+01 3.975056356493518450e+01
-3.340588280409443911e+01 4.167629370878294282e+01
-3.441791026871441517e+01 4.359322465602761554e+01
-3.541185410973598380e+01 4.549935727110105432e+01
-3.639269526444795844e+01 4.739190778559697037e+01
-3.736593632072586502e+01 4.926687996146630866e+01
-3.833732774997815795e+01 5.111855708911534890e+01
-3.931232830648955456e+01 5.293901957462261265e+01
-4.029525324776966499e+01 5.471791474825248258e+01
-5.465825983623452089e+01 7.295182948279936852e+01
-5.520491878698332044e+01 7.340182180546945290e+01
-5.571953831643207167e+01 7.379952559011151436e+01
-5.620323238356703399e+01 7.414642348483013734e+01
-5.665707592198308618e+01 7.444386517510636736e+01
-5.708210039358906585e+01 7.469309562209063813e+01
-5.747929220037816833e+01 7.489527810037965594e+01
-5.784959294101773963e+01 7.505151300364980216e+01
-5.819390084140395913e+01 7.516285322808209912e+01
-5.851307291223764651e+01 7.523031680755279638e+01
-5.880792753845410914e+01 7.525489735108459399e+01
-5.907924730787627965e+01 7.523757272849064748e+01
-5.932778195606243798e+01 7.517931236411938301e+01
-5.955425135188558983e+01 7.508108342905144639e+01
-5.975934848125900345e+01 7.494385616647525694e+01
-5.994374240138363064e+01 7.476860853442431676e+01
-6.010808121539422189e+01 7.455633036233044209e+01
-6.025299493596958911e+01 7.430802703980144486e+01
-6.037909846307228889e+01 7.402472300277493389e+01
-6.048699453717742358e+01 7.370746497534716468e+01
-6.057727678233266744e+01 7.335732510332603340e+01
-6.065053286768255703e+01 7.297540402714712116e+01
-6.070734786272809913e+01 7.256283396625428850e+01
-6.074830783169132076e+01 7.212078183642115903e+01
-6.077400378266013092e+01 7.165045246734717921e+01
-6.078503606347488386e+01 7.115309193589604320e+01
-6.078201934372883386e+01 7.062999104142053852e+01
-6.076558834809080878e+01 7.008248892844756028e+01
-6.073640453298207120e+01 6.951197684681051214e+01
-6.069516405633493150e+01 6.891990197138812846e+01
-6.064260713260424041e+01 6.830777123796366368e+01
-6.057952950479129584e+01 6.767715499140297197e+01
-6.050679628162884427e+01 6.702969011121412279e+01
-6.042535890642650287e+01 6.636708223137125628e+01
-6.033627600656055279e+01 6.569110624856735114e+01
-6.024073910157544276e+01 6.500360397230967635e+01
-6.014010425813610539e+01 6.430647712781390624e+01
-6.003593096367626458e+01 6.360167292984245080e+01
-5.993002938304940841e+01 6.289115802772420238e+01
-5.982451678423725383e+01 6.217687448689957819e+01
-5.972188271684172634e+01 6.146066847462076055e+01
-5.962505981741914951e+01 6.074417833640080033e+01
-5.953749163336217265e+01 6.002866414041266552e+01
-5.946317874208895660e+01 5.931475710185016936e+01
-5.940666760926214351e+01 5.860210890998592959e+01
-5.937292266650724315e+01 5.788893728588043075e+01
-5.936699773137914349e+01 5.717151028141607583e+01
-5.939342101081489744e+01 5.644370403586901830e+01
-5.945527459183074370e+01 5.569689355308049983e+01
-5.955312691782140178e+01 5.492050856602121200e+01
-5.968421934422273978e+01 5.410343976015037981e+01
-5.984240304266776178e+01 5.323603176432578010e+01
-6.001903942920672819e+01 5.231191119981752280e+01
-6.020453136993218379e+01 5.132887222900866675e+01
-6.038982185005123426e+01 5.028859422789686562e+01
-6.056735636241254639e+01 4.919558774766381504e+01
-6.073141163311072432e+01 4.805596282011339326e+01
-6.087797657585113598e+01 4.687642097680143394e+01
-6.100442643127721709e+01 4.566359662760552851e+01
-6.110915991316004181e+01 4.442370388750982357e+01
-6.119128219707432947e+01 4.316239226019753517e+01
-6.125035839400406701e+01 4.188472384313651276e+01
-6.128623400706894842e+01 4.059521149925383554e+01
-6.129890926126843453e+01 3.929788171024762278e+01
-6.128845335639708480e+01 3.799634259216534815e+01
-6.125494700003043391e+01 3.669384767885956222e+01
-6.119844446229419077e+01 3.539335167770257584e+01
-6.111894891323262868e+01 3.409755727053864405e+01
-6.101639673115635532e+01 3.280895338547647100e+01
-6.089064787263978928e+01 3.152984587247068049e+01
-6.074148034212234393e+01 3.026238170684024809e+01
-6.056858748587223573e+01 2.900856773790456344e+01
-6.037157726779300759e+01 2.777028492096160761e+01
-6.014997299400511821e+01 2.654929882060554291e+01
-5.990321515615852377e+01 2.534726704839780353e+01
-5.183147103427186408e+01 9.649419181847960658e+00
-5.101756623836041626e+01 8.923207293929200645e+00
-5.016152913134992275e+01 8.227834418663700689e+00
-4.926273720406810952e+01 7.562946125117974816e+00
-4.832070827362234411e+01 6.928106731252729134e+00
-4.733512130276929497e+01 6.322810261601306436e+00
-4.630583847212569282e+01 5.746492582419495676e+00
-4.523292884827691296e+01 5.198544284774692770e+00
-4.411669414444409654e+01 4.678323649036336462e+00
-4.295769725020364405e+01 4.185168686149257411e+00
-4.175679442869012803e+01 3.718406744686438614e+00
-4.051517222095051096e+01 3.277359465035468489e+00
-3.923439030399200078e+01 2.861339733879989744e+00
-3.791643140082533137e+01 2.469635717299980104e+00
-3.656375885472919407e+01 2.101474700020577124e+00
-3.517938100265367041e+01 1.755956213104955310e+00
-3.376691822294841216e+01 1.431939736964180199e+00
-3.233066206117514696e+01 1.127867698604266833e+00
-3.087560415996137664e+01 8.415016548315730205e-01
-2.940739391055579333e+01 5.695538808085167659e-01
-2.793215853598384157e+01 3.072191772747445704e-01
-2.645609776588008089e+01 4.766879976949134345e-02
-2.498477620519973641e+01 -2.183271870159924077e-01
-2.352212991115865037e+01 -5.023594953392178653e-01
-2.206940920259068406e+01 -8.175993411290747304e-01
-2.062451018291781324e+01 -1.177185109924533180e+00
-1.918215756377482961e+01 -1.592184597976039839e+00
-1.773501732560360011e+01 -2.069953219423680935e+00
-1.627527824348998564e+01 -2.613563632625607980e+00
-1.479603548078052455e+01 -3.222347474803026302e+00
-1.329207339107572317e+01 -3.893051312288477561e+00
-1.176004682291362968e+01 -4.621037359537046640e+00
-1.019828116774218785e+01 -5.401203706884738054e+00
-8.606420090878479812e+00 -6.228556136905776697e+00
-6.985066356233668117e+00 -7.098498582171057336e+00
-5.335479907361343699e+00 -8.006940012217471647e+00
-3.659347883726439044e+00 -8.950298425253269130e+00
-1.958619166670780842e+00 -9.925455387126897122e+00
-2.353895172398505764e-01 -1.092969215591670640e+01
1.508176255855712355e+00 -1.196062360882704212e+01
3.269896044539173374e+00 -1.301613746993137077e+01
5.047604218224471140e+00 -1.409434161643898520e+01
6.839173176199103033e+00 -1.519351987715706187e+01
8.642526649681830264e+00 -1.631209566092353214e+01
1.045564745414023733e+01 -1.744860238434591082e+01
1.227658153419306331e+01 -1.860165955877518940e+01
1.410343952783327559e+01 -1.976995352951787766e+01
1.593439668623944527e+01 -2.095222196323759434e+01
1.776769170809416210e+01 -2.214724133704747544e+01
1.960162486444289698e+01 -2.335381681475401194e+01
2.143455566576846039e+01 -2.457077401146266382e+01
2.326490023832555920e+01 -2.579695224413620736e+01
2.509112851881138084e+01 -2.703119894427910808e+01
2.691176133622370514e+01 -2.827236497206170895e+01
2.872536742144686173e+01 -2.951930062156112911e+01
3.053056039006305156e+01 -3.077085216690330682e+01
3.232599552108833763e+01 -3.202585866591483921e+01
3.411036688411799389e+01 -3.328314935177520084e+01
3.588240382959105546e+01 -3.454154075050985284e+01
3.764086783144048098e+01 -3.579983425192359192e+01
3.938454898466810050e+01 -3.705681354438474528e+01
4.111226235882183744e+01 -3.831124205309846786e+01
4.282284410182523970e+01 -3.956186030003778598e+01
4.451514722125862988e+01 -4.080738314529831001e+01
4.618803690851160582e+01 -4.204649684877207960e+01
4.784038540249727589e+01 -4.327785601274475624e+01
4.947106607799331357e+01 -4.450008027278558131e+01
5.107894671080854465e+01 -4.571175084144745426e+01
5.266288162873729561e+01 -4.691140689645174433e+01
5.422170246882722466e+01 -4.809754189503033928e+01
5.575420717557101113e+01 -4.926859995065224496e+01
5.725914678079062270e+01 -5.042297250354102545e+01
5.873520939004193764e+01 -5.155899566234487708e+01
6.018100066275619042e+01 -5.267494881711978394e+01
6.159501989977872682e+01 -5.376905547160907872e+01
6.297563071617129538e+01 -5.483948775185655222e+01
6.432102507960101434e+01 -5.588437686210937017e+01
6.562917949255808026e+01 -5.690183293784620844e+01
6.689780227338175678e+01 -5.788997952950936821e+01
6.812427165460817946e+01 -5.884701050954324586e+01
6.930556628854648693e+01 -5.977128071819024768e+01
7.043819372792333411e+01 -6.066144607108268616e+01
7.151813010945791405e+01 -6.151667328635000587e+01
7.254079770120615933e+01 -6.233694107076220803e+01
7.350112777748101678e+01 -6.312344684085140045e+01
7.439378209470353909e+01 -6.387910316530511778e+01
7.521362307546320380e+01 -6.460903883267380365e+01
7.595649528809994422e+01 -6.532090500429943347e+01
7.662025804060050405e+01 -6.602467247161935404e+01
7.720578104798764230e+01 -6.673162748954000278e+01
7.771741514485545110e+01 -6.745258661457501148e+01
7.816253949910453969e+01 -6.819587911933753333e+01
7.855025431988420337e+01 -6.896594393434787662e+01
7.888978279452641118e+01 -6.976307724018401757e+01
7.918921695536792527e+01 -7.058419504646104770e+01
7.945490024928338357e+01 -7.142404744374317715e+01
7.969136545080171175e+01 -7.227636249700630344e+01
7.990158892308676286e+01 -7.313467057834017737e+01
8.008735045188191748e+01 -7.399278977845247596e+01
8.024957709227935254e+01 -7.484505540414430413e+01
8.038862310035526093e+01 -7.568638955728549433e+01
8.050447924930951160e+01 -7.651228441891097987e+01
8.059692169817540730e+01 -7.731874613699362442e+01
8.066561463055809611e+01 -7.810222581073325898e+01
7.977377682710668694e+01 -8.446620937896300063e+01
7.954153116329969464e+01 -8.478801022967681433e+01
7.928507595256741070e+01 -8.505994929103634661e+01
7.900493105061219978e+01 -8.528063705676481732e+01
7.870169807827056729e+01 -8.544873893285057420e+01
7.837605881253571738e+01 -8.556297464947780895e+01
7.802877331005616668e+01 -8.562211860553620113e+01
7.766067745067597627e+01 -8.562500115285337188e+01
7.727267999267527898e+01 -8.557051055021321417e+01
7.686575898778063731e+01 -8.545759553583069135e+01
7.644095745713046597e+01 -8.528526836718305049e+01
7.599937822537384591e+01 -8.505260821565390472e+01
7.554217778770596681e+01 -8.475876478052285279e+01
7.507055910196929460e+01 -8.440296200707929586e+01
7.458576316053793676e+01 -8.398450175723020550e+01
7.408905921250780580e+01 -8.350276730078391552e+01
7.358173348387009582e+01 -8.295722648060687732e+01
7.306507623254579187e+01 -8.234743441076820147e+01
7.254036695485909547e+01 -8.167303557676270032e+01
7.200885753208331153e+01 -8.093376522990578792e+01
7.147175306649108961e+01 -8.012945000994741918e+01
7.093019011087986314e+01 -7.926000780684256597e+01
7.038521185629566901e+01 -7.832544693455783147e+01
6.983773995846843263e+01 -7.732586502355496805e+01
6.928854218156148193e+01 -7.626144801940937157e+01
6.873819529585946952e+01 -7.513247039148349415e+01
6.818704228209114149e+01 -7.393929805220903972e+01
6.763514281737583644e+01 -7.268239650089434178e+01
6.708221606194778985e+01 -7.136234803779605329e+01
6.652757504537574107e+01 -6.997988390540733405e+01
6.597005293397728565e+01 -6.853594005220203655e+01
6.540792375460873131e+01 -6.703174903497816217e+01
6.483882489727884035e+01 -6.546898516202988105e+01
6.425969765941346168e+01 -6.384998410745423314e+01
6.366677735325059473e+01 -6.217805831124900351e+01
6.305568711360853484e+01 -6.045791740124350611e+01
6.242171502437883390e+01 -5.869616427898962741e+01
6.176036371423476368e+01 -5.690175570303505026e+01
6.106821372666722425e+01 -5.508619402431683199e+01
6.034398835603217037e+01 -5.326312132879839822e+01
5.958946658257498541e+01 -5.144707438646636888e+01
5.880974125917041562e+01 -4.965155212138480323e+01
5.801251698334696982e+01 -4.788706803871188100e+01
5.720666655923487554e+01 -4.616001462515156817e+01
5.640067967537046911e+01 -4.447270890117093245e+01
5.560157498323133751e+01 -4.282432692338197455e+01
5.481445694258789558e+01 -4.121213385752833602e+01
5.404257061255951555e+01 -3.963255095606361067e+01
5.328760979297849332e+01 -3.808188189305904814e+01
5.255008965939148879e+01 -3.655671795589603335e+01
5.182968457251055128e+01 -3.505411464330069293e+01
5.112549696162624002e+01 -3.357163136480654941e+01
5.043625676550759351e+01 -3.210730043346342910e+01
4.976046347204963638e+01 -3.065956599735659793e+01
4.909648489449885744e+01 -2.922721519315829042e+01
