9.088637925216525026e-03 -4.226770947160213288e-02
2.066066490195017646e-02 -8.489718959341302496e-02
3.456330344399127785e-02 -1.277420706618035973e-01
5.065518862680018497e-02 -1.706687750298243045e-01
6.880504356128469556e-02 -2.135545178066143857e-01
8.889049577847585315e-02 -2.562856040534073898e-01
1.107970175182378947e-01 -2.987559683871135463e-01
1.344169737783939000e-01 -3.408659128815974548e-01
1.596487631832009813e-01 -3.825210071411802026e-01
1.863960380284429563e-01 -4.236311207959542191e-01
2.145669911159707732e-01 -4.641095637502228866e-01
2.440736981274780337e-01 -5.038723135583456081e-01
2.748315055526887596e-01 -5.428373128608403597e-01
3.067584527141531403e-01 -5.809238195461400300e-01
3.397747249612095288e-01 -6.180518040145227543e-01
3.738021198619604357e-01 -6.541413701578145945e-01
4.087635277975533166e-01 -6.891122016322168697e-01
4.445824131685642278e-01 -7.228830170671297628e-01
4.811822902618698716e-01 -7.553710280747024663e-01
5.184861830577367492e-01 -7.864913895936639365e-01
5.564160627493696110e-01 -8.161566369390945708e-01
5.948922496265284243e-01 -8.442760981405638132e-01
6.338327697346779477e-01 -8.707552744111114462e-01
6.731526525841439179e-01 -8.954951787937073249e-01
7.127631548088021463e-01 -9.183916230087961763e-01
7.525708919223756954e-01 -9.393344415943288839e-01
7.924768569616398306e-01 -9.582066414312527813e-01
8.323753005854194198e-01 -9.748834636395672382e-01
8.721524419099407899e-01 -9.892313436850920239e-01
9.116849727489892974e-01 -1.001106754483837236e+00
9.508383096792311084e-01 -1.010354916551980509e+00
9.894645388238380024e-01 -1.016808359296653030e+00
1.027399981225490810e+00 -1.020285318131375796e+00
1.064462302423192286e+00 -1.020587957676094781e+00
1.100447054334585228e+00 -1.017500415975205463e+00
1.135123530309219309e+00 -1.010786682084048316e+00
1.168229780847695576e+00 -1.000188343838459115e+00
1.199466613529817316e+00 -9.854222881276735180e-01
1.228490377047050330e+00 -9.661785120945268757e-01
1.254904318628369264e+00 -9.421183308159740699e-01
1.278248325839738131e+00 -9.128734769624561318e-01
1.297986956061126129e+00 -8.780469311627326912e-01
1.313495892525003539e+00 -8.372168759548543893e-01
1.324047477815516016e+00 -7.899460442715985353e-01
1.328796998310620037e+00 -7.358000818131664733e-01
1.326773311084933127e+00 -6.743805003556658795e-01
1.316880775421893635e+00 -6.053803442462907247e-01
1.297924861198036961e+00 -5.286732205582898025e-01
1.268681205209855278e+00 -4.444467350468765954e-01
1.228034709301747407e+00 -3.533844899568648890e-01
1.175212917737069152e+00 -2.568777019175884635e-01
1.110109185753102912e+00 -1.572003936543157343e-01
1.033620131343954585e+00 -5.752362055835916199e-02
9.478304910598257527e-01 3.836672487182582469e-02
8.558618343225982139e-01 1.266661517517925772e-01
7.613556565649546304e-01 2.042574548162351955e-01
6.678043374177593527e-01 2.692000052373126895e-01
5.780340977259229573e-01 3.208143034586664610e-01
4.939974711125283413e-01 3.594341870826305296e-01
4.168289016359887911e-01 3.860328704275538536e-01
3.470286807993645528e-01 4.018878148224179769e-01
2.846648312415658300e-01 4.083490779005350957e-01
2.295395358722857049e-01 4.067068374828767263e-01
1.813079293989036112e-01 3.981293739516232888e-01
1.395556945537012039e-01 3.836433392764601047e-01
1.038465931067762416e-01 3.641362984834193295e-01
7.374992588999107479e-02 3.403693805414759743e-01
4.885530317514830134e-02 3.129933670606374063e-01
2.877969588632456333e-02 2.825648785770825677e-01
1.316994751577260647e-02 2.495611741944772088e-01
1.702717551643972982e-03 2.143930486794866086e-01
-5.916949430889606454e-03 1.774157824968133346e-01
-9.957719727158975687e-03 1.389383071949639170e-01
-1.066431960134772705e-02 9.923082113140568872e-02
-8.259905720297222587e-03 5.853109868800560056e-02
-2.948332971595135632e-03 1.704971622327183800e-02
5.083740598624153506e-03 -2.502561207148396027e-02
1.566493444591898765e-02 -6.752642376594181206e-02
2.863741530592689433e-02 -1.103004949458989414e-01
4.385534528445889091e-02 -1.532093057080843312e-01
6.118349521118326972e-02 -1.961259027682784040e-01
8.049600579867310923e-02 -2.389330832445533681e-01
1.016752795487504413e-01 -2.815218415137538122e-01
1.246109868517539798e-01 -3.237900312378463319e-01
1.491991708262606631e-01 -3.656412034019358437e-01
1.753414367275747399e-01 -4.069835881932251653e-01
2.029442130383071197e-01 -4.477291941241011153e-01
2.319180725458296344e-01 -4.877930022406201105e-01
2.621771027579845592e-01 -5.270922367831879507e-01
2.936383159375424157e-01 -5.655456965179938011e-01
3.262210893077501228e-01 -6.030731326474445542e-01
3.598466279657304145e-01 -6.395946626611551666e-01
3.944374404145866153e-01 -6.750302072904852402e-01
4.299168203947946743e-01 -7.092989430162049969e-01
4.662083254170389379e-01 -7.423187595362025215e-01
5.032352466192923091e-01 -7.740057163968973031e-01
5.409200519652723749e-01 -8.042734824530137772e-01
5.791838083320141051e-01 -8.330327631841187852e-01
6.179455558837244622e-01 -8.601906933258519627e-01
6.571216318825775504e-01 -8.856501940698978670e-01
6.966249264517463402e-01 -9.093092822418015198e-01
7.363640540586416927e-01 -9.310603213203153539e-01
7.762424209674232412e-01 -9.507892028132741702e-01
8.161571650621918250e-01 -9.683744454352062325e-01
8.559979396161647713e-01 -9.836861983903139039e-01
8.956455065426573992e-01 -9.965851339533929876e-01
9.349700971225326507e-01 -1.006921213639541346e+00
9.738294888121914461e-01 -1.014532311865826930e+00
1.012066736215161633e+00 -1.019242681740492484e+00
1.049507473172968330e+00 -1.020861249368285595e+00
1.085956703351715014e+00 -1.019179731117725751e+00
1.121194949265541307e+00 -1.013970575990954526e+00
1.154973629578184502e+00 -1.004984759411076123e+00
1.187009495111281510e+00 -9.919494888961283285e-01
1.216977932638663162e+00 -9.745659443382334031e-01
1.244504927583987008e+00 -9.525072788876191021e-01
1.269157481991291414e+00 -9.254172778448869208e-01
1.290432341369451397e+00 -8.929103543686106592e-01
1.307743049436974170e+00 -8.545740176869399685e-01
1.320405727932354889e+00 -8.099756797736245018e-01
1.327624756798068351e+00 -7.586768046527337939e-01
1.328481026023565992e+00 -7.002591023308358809e-01
1.321928134302431612e+00 -6.343698013541870795e-01
1.306806435150810408e+00 -5.607957104265977044e-01
1.281891526322546326e+00 -4.795774520735619495e-01
1.246001435615576414e+00 -3.911721981279084881e-01
1.198189731404320391e+00 -2.966579901037878497e-01
1.138036262961004796e+00 -1.979356290168102772e-01
1.065994075324813828e+00 -9.782621863398054118e-02
9.836607441513652850e-01 7.817043497965192600e-05
8.937801638241540392e-01 9.189451612354559984e-02
7.998616222390018127e-01 1.741478719096493100e-01
7.055351087917794972e-01 2.443849561002845450e-01
6.139411491705870638e-01 3.014286603039637580e-01
5.273929953340359411e-01 3.452434476622791015e-01
4.473397814979521714e-01 3.765876479508161179e-01
3.745145561345300522e-01 3.966492024964823893e-01
3.091384525609142675e-01 4.067696869086366851e-01
2.511047717884955510e-01 4.082743939738033845e-01
2.001170006499806142e-01 4.023854029215133687e-01
1.557818825581437361e-01 3.901875681606926660e-01
1.176678415463363603e-01 3.726238667263129800e-01
8.533956140102716414e-02 3.505049978933870714e-01
5.837719349901360211e-02 3.245246244178559003e-01
3.638607686471184710e-02 2.952757777578208787e-01
1.900080143948723599e-02 2.632663241054420400e-01
5.886016015925754630e-03 2.289326593754255068e-01
-3.264551571602436475e-03 1.926514391157684858e-01
-8.729983191843482260e-03 1.547494434347183589e-01
-1.076445270061865411e-02 1.155117931623285132e-01
-9.599607516553088082e-03 7.518876198474883088e-02
-5.446888288718532145e-03 3.400141782722798656e-02
1.500295534927253982e-03 -7.853700887286707566e-03
1.106456946946843267e-02 -5.020069619673467320e-02
2.308278794119955624e-02 -9.288107169214115943e-02
3.740441092078727880e-02 -1.357510124125012041e-01
5.389005225941045918e-02 -1.786790969625903225e-01
7.241018277083999255e-02 -2.215443581854212307e-01
9.284397101216124160e-02 -2.642346293735529095e-01
1.150782448755891529e-01 -3.066451239641576065e-01
1.390065580555770453e-01 -3.486772062368531655e-01
1.645283466904821079e-01 -3.902373181903753263e-01
1.915481627765680539e-01 -4.312360338858171604e-01
2.199749721899072474e-01 -4.715872174143653228e-01
2.497215062614784875e-01 -5.112072645204597254e-01
2.807036569739937981e-01 -5.500144111947904424e-01
3.128399052172589623e-01 -5.879280932680996941e-01
3.460507770014553675e-01 -6.248683488583119949e-01
3.802583132341721961e-01 -6.607552451877264366e-01
4.153855508625931559e-01 -6.955083269708306482e-01
4.513560036073066550e-01 -7.290460727176630851e-01
4.880931360675145880e-01 -7.612853524602315458e-01
5.255198191218215520e-01 -7.921408753804116687e-01
5.635577625138845637e-01 -8.215246237187686651e-01
6.021269087765173111e-01 -8.493452594632749930e-01
6.411447800229110872e-01 -8.755074978179097078e-01
6.805257630603356311e-01 -8.999114369687417625e-01
7.201803173426617466e-01 -9.224518340845518916e-01
7.600140873403427033e-01 -9.430173164675220709e-01
7.999268974003794774e-01 -9.614895157468421605e-01
8.398116027663911076e-01 -9.777421118866461702e-01
8.795527649141872129e-01 -9.916397726396571910e-01
9.190251124666513061e-01 -1.003036973063004655e+00
9.580917403586943770e-01 -1.011776679068087770e+00
9.966019900846347923e-01 -1.017688879214854403e+00
1.034388935662595266e+00 -1.020588949860115058e+00
1.071266396906502383e+00 -1.020275845077466048e+00
1.107025362753891518e+00 -1.016530108242790664e+00
1.141429701996157231e+00 -1.009111721548412888e+00
1.174211003621174143e+00 -9.977578368949118204e-01
1.205062365580871875e+00 -9.821804818679376048e-01
1.233630928521106895e+00 -9.620644183224736912e-01
1.259508944533185515e+00 -9.370654708080223827e-01
1.282223202183739641e+00 -9.068098723677536777e-01
1.301222741244183023e+00 -8.708955509758087299e-01
1.315865065211082596e+00 -8.288968847621809299e-01
1.325401645398065487e+00 -7.803754081901669304e-01
1.328964665581680915e+00 -7.249004046296253501e-01
1.325559098471734032e+00 -6.620853992175612657e-01
1.314067917159345900e+00 -5.916491827594501096e-01
1.293284069889606647e+00 -5.135123555361247316e-01
1.261990457188166381e+00 -4.279399208303643065e-01
1.219115162955661802e+00 -3.357313174301010394e-01
1.163983444986101956e+00 -2.384320491866697977e-01
1.096652117887301436e+00 -1.384897863970110665e-01
1.018233486953180389e+00 -3.922213384471656683e-02
9.310293232427946375e-01 5.552887312476731396e-02
8.383062030834972367e-01 1.420355694200781116e-01
7.437278211492563962e-01 2.173743636611916719e-01
6.506929546486447391e-01 2.798459114743436227e-01
5.618710446182680895e-01 3.289853641478201474e-01
4.790519697756432937e-01 3.652747471050409311e-01
4.032361649592658415e-01 3.897667122497694425e-01
3.348285782330557847e-01 4.037665658723669226e-01
2.738364170799532094e-01 4.086207007883261300e-01
2.200267835472637934e-01 4.055996419212789528e-01
1.730370170506053684e-01 3.958458467963456018e-01
1.324458255705674992e-01 3.803593875738622287e-01
9.781638595200403685e-02 3.600031035723860739e-01
6.872095519540033504e-02 3.355162746319215739e-01
4.475388556868753476e-02 3.075309097933510705e-01
2.553763070599102125e-02 2.765877491537042099e-01
1.072465686363777149e-02 2.431507284298005667e-01
-2.942977093467469274e-06 2.076195072406740172e-01
-6.935046992988525005e-03 1.703400702846981640e-01
-1.033567230645848767e-02 1.316135848430739497e-01
-1.044534164381127894e-02 9.170375457914342610e-02
-7.483441638821974884e-03 5.084291047211131342e-02
-1.650463330455598232e-03 9.237056349562289270e-03
6.869926107540336169e-03 -3.292993925932180543e-02
1.790900053126620595e-02 -7.549285923087650785e-02
3.131127784819887072e-02 -1.183022158857100492e-01
4.693300062871397227e-02 -1.612217996974087408e-01
6.464077825566982849e-02 -2.041266063034339329e-01
8.431037377919425868e-02 -2.469010734887917558e-01
1.058256183623219604e-01 -2.894375715456509734e-01
1.290774369435002678e-01 -3.316351008890379704e-01
1.539629698955665704e-01 -3.733981591965888081e-01
1.803847767527765322e-01 -4.146357470400146572e-01
2.082501093506663459e-01 -4.552604863185083506e-01
2.374702428909331031e-01 -4.951878300567998936e-01
2.679598549464792256e-01 -5.343353461127524628e-01
2.996364393977107854e-01 -5.726220551890945920e-01
3.324197563592586335e-01 -6.099678223520822451e-01
3.662312926724067830e-01 -6.462927693452946709e-01
4.009937441504324296e-01 -6.815167208036551072e-01
4.366304921439544962e-01 -7.155586527316836198e-01
4.730650860084304465e-01 -7.483361555620818839e-01
5.102207049946816397e-01 -7.797648845651304894e-01
5.480196019270173746e-01 -8.097580009960966274e-01
5.863825137984457481e-01 -8.382255905565236809e-01
6.252280295147163436e-01 -8.650740517275241626e-01
6.644719017785711834e-01 -8.902054444382224707e-01
7.040262884730744686e-01 -9.135167892160328540e-01
7.437989063326336803e-01 -9.348993061108960001e-01
7.836920764977061138e-01 -9.542375817172871200e-01
8.236016375345827090e-01 -9.714086515293084423e-01
8.634156964683507018e-01 -9.862809837187208606e-01
9.030131820811113652e-01 -9.987133493372627457e-01
9.422621568693163585e-01 -1.008553563110799356e+00
9.810178348906688495e-01 -1.015637078840126328e+00
1.019120236973929394e+00 -1.019785423698929883e+00
1.056391409337763321e+00 -1.020804460492938492e+00
1.092632099646862143e+00 -1.018482470807722695e+00
1.127617775540585399e+00 -1.012588067280471016e+00
1.161093839236540415e+00 -1.002867964814931456e+00
1.192769867458325805e+00 -9.890446809935662387e-01
1.222312681070726548e+00 -9.708143038173236983e-01
1.249338034171370460e+00 -9.478445785916972399e-01
1.273400724519863525e+00 -9.197737539388882722e-01
1.293982999250089971e+00 -8.862109352442109067e-01
1.310481325075265602e+00 -8.467391932121995923e-01
1.322192027562961725e+00 -8.009234703762225793e-01
1.328297187269924073e+00 -7.483265598662837137e-01
1.327853859338917752e+00 -6.885382465988719725e-01
1.319792679772874289e+00 -6.212251383838753860e-01
1.302936846893964384e+00 -5.462113552244457493e-01
1.276059516052538090e+00 -4.636014169604954493e-01
1.238005056743452181e+00 -3.739520299404727743e-01
1.187900473360802733e+00 -2.784808325549260610e-01
1.125462134621729726e+00 -1.792584028203546842e-01
1.051341489444148181e+00 -7.927067694698111677e-02
9.673609650317545050e-01 1.778997689932387827e-02
8.764473259689551377e-01 1.080614131338891726e-01
7.821847232429431918e-01 1.882209531501786159e-01
6.881520385398489648e-01 2.560471201562261045e-01
5.973511450285486912e-01 3.105955107205671806e-01
5.119292948056287651e-01 3.520078939658963790e-01
4.331875526627801398e-01 3.811485649964793110e-01
3.617478561222727262e-01 3.992517694291477515e-01
2.977574400577689406e-01 4.076660287828576257e-01
2.410651615755604604e-01 4.077019951555511668e-01
1.913505861110910145e-01 4.005575703056267756e-01
1.482097233798006508e-01 3.872908957802096985e-01
1.112082352655584527e-01 3.688192773242394695e-01
7.991258523857203144e-02 3.459303373442691454e-01
5.390709948633620741e-02 3.192977223219983784e-01
3.280239135298035347e-02 2.894974425753613079e-01
1.623866863760037305e-02 2.570230452906152596e-01
