6.010765685090563011e+02 1.476247732403886403e+03
5.867623411245756415e+02 1.479329267868671650e+03
5.728176001547234364e+02 1.481579856611518153e+03
5.592376689841320285e+02 1.483872128644152781e+03
5.454538304822160626e+02 1.487382283391032161e+03
5.309458021346060832e+02 1.491542765156873202e+03
5.160493081325680578e+02 1.494983518076780229e+03
5.011965429094810247e+02 1.497277448957146817e+03
4.866567543459055969e+02 1.498570343269584328e+03
4.725407233875508837e+02 1.499483556463382683e+03
4.585172381219482531e+02 1.501246025355904067e+03
4.438730412137445569e+02 1.504129852811146293e+03
4.286685191360610361e+02 1.506715395141865201e+03
4.133761463821495568e+02 1.508216808762678511e+03
3.983217231282699800e+02 1.508610978795109304e+03
3.836884749872649536e+02 1.508312569712019922e+03
3.693643943860549825e+02 1.508362116820625488e+03
3.546668544556843585e+02 1.509702781775817812e+03
3.392908298135798191e+02 1.511305159001122320e+03
3.236690559796391540e+02 1.511993437166061312e+03
3.081924563320521315e+02 1.511525214218406973e+03
2.930977033306546105e+02 1.510146997225404903e+03
2.784280723301997682e+02 1.508638493279201612e+03
2.636961701341371622e+02 1.508234133629270900e+03
2.482890964362537147e+02 1.508663473966176525e+03
2.324612107875296090e+02 1.508495723882338780e+03
2.166645217919900972e+02 1.507185649144652643e+03
2.011876478152546781e+02 1.504822602139588071e+03
1.861710241215051269e+02 1.501949232448423118e+03
1.713677142864362963e+02 1.499745779798582362e+03
1.560505875922107748e+02 1.498759543886890242e+03
1.401538729683681765e+02 1.497657530851401134e+03
1.241487172295701953e+02 1.495512717487638156e+03
1.083835887521338748e+02 1.492232150122767280e+03
9.306207607092866851e+01 1.488167813748443677e+03
7.813551014000569239e+01 1.484269208897928365e+03
6.297816299617534241e+01 1.481630436224350888e+03
4.716025245348424733e+01 1.479463311154898520e+03
3.106906305180900318e+01 1.476474590567851465e+03
1.511927875803918830e+01 1.472325102400153810e+03
-4.342377604316385309e-01 1.467206365323775799e+03
-1.550789906776132021e+01 1.461809000337663747e+03
-3.050252951082973141e+01 1.457380584792912487e+03
-4.609794794477231505e+01 1.453955554491157272e+03
-6.214034577542420834e+01 1.450088469867887170e+03
-7.816308139866804083e+01 1.445105140228950859e+03
-9.385718676842947161e+01 1.439035415092235780e+03
-1.090569796522054560e+02 1.432349558755564658e+03
-1.239312723315569116e+02 1.426157100162862889e+03
-1.391926119407740998e+02 1.421243953436639231e+03
-1.550393077387934966e+02 1.416423424131839965e+03
-1.710148473688572892e+02 1.410628224047148251e+03
-1.867472453028296400e+02 1.403687416619188753e+03
-2.020141247801327609e+02 1.395894337245647876e+03
-2.168097140227425257e+02 1.388104804727360943e+03
-2.316870997810129893e+02 1.381511633216486871e+03
-2.471859242867996613e+02 1.375605149784842069e+03
-2.629842825547651159e+02 1.369001798355527853e+03
-2.786454129572838383e+02 1.361253908893808557e+03
-2.938959781756457232e+02 1.352497967245059499e+03
-3.086186641363035505e+02 1.343341028136125033e+03
-3.231275644378549714e+02 1.335006180141870573e+03
-3.381406029908926598e+02 1.327822902550063418e+03
-3.536208163599986278e+02 1.320385264884195749e+03
-3.690947872445526627e+02 1.311881713856844954e+03
-3.842321119710224480e+02 1.302277660972403282e+03
-3.988451934483296100e+02 1.291976765288977731e+03
-4.130327794258632821e+02 1.282003834716672145e+03
-4.274676961413819640e+02 1.273337049556511602e+03
-4.424798693098832132e+02 1.264991981244469343e+03
-4.576437286012438221e+02 1.255769890300719680e+03
-4.725635049036243913e+02 1.245412005575286912e+03
-4.869988620678049642e+02 1.234155651023758310e+03
-5.008980123547377161e+02 1.222764397777815930e+03
-5.147316378403768340e+02 1.212480108881826254e+03
-5.291277313304805148e+02 1.203093234632124904e+03
-5.438500194365830112e+02 1.193167793653927902e+03
-5.584431308305540824e+02 1.182135815111873171e+03
-5.726145730192888550e+02 1.170076962795671989e+03
-5.862187232804185442e+02 1.157520898434066339e+03
-5.994868014041727520e+02 1.145637104011286510e+03
-6.131453031182571749e+02 1.135024132378857757e+03
-6.272856105250206156e+02 1.124374414094048007e+03
-6.414383913964682051e+02 1.112734869814697049e+03
-6.552507885184716088e+02 1.099999630258115985e+03
-6.685156304269862630e+02 1.086510563608597522e+03
-6.812704965564952317e+02 1.073200531557235990e+03
-6.941282144756592061e+02 1.061188430343534947e+03
-7.075415763880569102e+02 1.049739383450022387e+03
-7.211346865715544254e+02 1.037541607308742869e+03
-7.344886538286932591e+02 1.024237261239016561e+03
-7.473453634824883238e+02 1.010008741468981157e+03
-7.596145241940686219e+02 9.955314498701338835e+02
-7.716802946855760865e+02 9.820523471164570992e+02
-7.842325871206940064e+02 9.696661088953558192e+02
-7.971395918728928791e+02 9.569320154753403358e+02
-8.099330536151447859e+02 9.431511315039364263e+02
-8.223003592255638523e+02 9.283426743474876730e+02
-8.340718103703002271e+02 9.129649753954773814e+02
-8.454024083266634761e+02 8.981133460909322821e+02
-8.569992992268024636e+02 8.846163819957425858e+02
-8.690872726857279531e+02 8.713240063854332220e+02
-8.812150321697816935e+02 8.571437308487101063e+02
-8.930065332690745663e+02 8.418897125322570218e+02
-9.042364692269754869e+02 8.258456014749517635e+02
-9.148901147763083372e+02 8.098503902106176611e+02
-9.255057353165832410e+02 7.951114771801454708e+02
-9.366427052252852263e+02 7.811777821207274428e+02
-9.479949220034611699e+02 7.666535265727362685e+02
-9.591223694977026071e+02 7.510697861827807174e+02
-9.697487787882706698e+02 7.345534521498510685e+02
-9.797517053724748166e+02 7.176972795714333415e+02
-9.894294845530670273e+02 7.017171206812644186e+02
-9.995047860049612609e+02 6.869985154619496370e+02
-1.009965741655800116e+03 6.721511883840712471e+02
-1.020339614338317688e+03 6.563373260924685155e+02
-1.030292553431583428e+03 6.395101998037800968e+02
-1.039633879091313929e+03 6.220622368779667113e+02
-1.048450632589471979e+03 6.050018184421974183e+02
-1.057406279984806133e+03 5.893396727452172854e+02
-1.066856531763728526e+03 5.741376708274113980e+02
-1.157383322496581968e+03 3.859958633030154829e+02
-1.164509110467500477e+03 3.697377177087628297e+02
-1.172053079935923734e+03 3.535917427771991584e+02
-1.179549375196424535e+03 3.365780173515845490e+02
-1.186641822288959020e+03 3.185765186120519274e+02
-1.193120805207130843e+03 2.999182205537003938e+02
-1.199014235722180274e+03 2.815183713810857284e+02
-1.204922575246670021e+03 2.645176987230639725e+02
-1.211322060906730485e+03 2.482349340595068270e+02
-1.217850015615488701e+03 2.313398823220849465e+02
-1.224084450223228259e+03 2.134545420843407157e+02
-1.229764990322914855e+03 1.947511114684327538e+02
-1.234795875476602987e+03 1.758889412629347646e+02
-1.239545630607603698e+03 1.581119408771361350e+02
-1.244714119952031979e+03 1.415733576183699540e+02
-1.250193084820238255e+03 1.248381966484596148e+02
-1.255513925646269172e+03 1.071813451497360319e+02
-1.260361257057365492e+03 8.861001043127654953e+01
-1.264562372740188948e+03 6.956962969203016200e+01
-1.268259668528778775e+03 5.113966818006457515e+01
-1.272154843679267742e+03 3.418833773226293005e+01
-1.276499912020228294e+03 1.760301785530822727e+01
-1.280850276132010777e+03 2.652131837129664271e-01
-1.284826638084005253e+03 -1.802747088622930605e+01
-1.288201563451257243e+03 -3.700225358669056419e+01
-1.290952447428445339e+03 -5.583813513335335443e+01
-1.293603173615673768e+03 -7.331626195129969403e+01
-1.296732699520921869e+03 -8.982978760245538297e+01
-1.300052200069197397e+03 -1.067864696206912782e+02
-1.303119245298276155e+03 -1.246782388080472259e+02
-1.305655261170257290e+03 -1.433892188962423688e+02
-1.307533494853299317e+03 -1.623420432777261340e+02
-1.309037322977677377e+03 -1.803304333533661463e+02
-1.310893638955082224e+03 -1.969152927040138650e+02
-1.313116621701808981e+03 -2.134703429205406735e+02
-1.315235213170766428e+03 -2.308611018178641530e+02
-1.316912606322424608e+03 -2.491480824908540512e+02
-1.317955610814968622e+03 -2.679512885028437950e+02
-1.318440377601354385e+03 -2.862803249343594985e+02
-1.319020756193069928e+03 -3.030952760490208675e+02
-1.320078260256076874e+03 -3.192876865268255528e+02
-1.321206658441790978e+03 -3.361023728954727972e+02
-1.322003351459016812e+03 -3.538346604966325231e+02
-1.322223416532731108e+03 -3.722680391506378328e+02
-1.321801595908774516e+03 -3.906732600382604232e+02
-1.321177453624668715e+03 -4.078011803391111130e+02
-1.321008764391183604e+03 -4.237420392102167170e+02
-1.321100211337129394e+03 -4.399393720133570014e+02
-1.320992968801268489e+03 -4.570106300100762269e+02
-1.320389208829996278e+03 -4.748988296265737290e+02
-1.319135883761686955e+03 -4.931024627967585729e+02
-1.317436048456391745e+03 -5.104786828409761483e+02
-1.316014205059849473e+03 -5.263340693828970416e+02
-1.315015860295169887e+03 -5.419216250282572673e+02
-1.313979301157274222e+03 -5.582492621492714306e+02
-1.312545105168827376e+03 -5.754528143688540922e+02
-1.310501314263514814e+03 -5.932134003480935007e+02
-1.307866535224648032e+03 -6.106347051351579012e+02
-1.305228385899282102e+03 -6.265574146515227767e+02
-1.303085847629618684e+03 -6.416093513083181961e+02
-1.301090194246433612e+03 -6.571391823976417754e+02
-1.298816391392205560e+03 -6.735467646112576858e+02
-1.296001718056505297e+03 -6.906713919505740478e+02
-1.292545074508975176e+03 -7.078707870885747298e+02
-1.288799305090570670e+03 -7.239065888401280517e+02
-1.285472970902538691e+03 -7.385688719439500574e+02
-1.282481740251995234e+03 -7.532859816096026861e+02
-1.279356847382602837e+03 -7.688106266374405777e+02
-1.275779908781360518e+03 -7.851490016568088777e+02
-1.271575102438227304e+03 -8.018695325742685327e+02
-1.266872305239775187e+03 -8.179101466447685880e+02
-1.213299221863751882e+03 -9.790711727048968669e+02
-1.207080778533054627e+03 -9.944156247026367055e+02
-1.200502885159283551e+03 -1.008736000359825880e+03
-1.194295090718301935e+03 -1.021541766408619537e+03
-1.188497467429967855e+03 -1.034188751360493825e+03
-1.182640608077120305e+03 -1.047571091775001378e+03
-1.176384226182027760e+03 -1.061764211477411664e+03
-1.169532185854926638e+03 -1.076401223459699395e+03
-1.162149559407333754e+03 -1.090510715493202724e+03
-1.154879362738126247e+03 -1.103026347481215907e+03
-1.148127899829989019e+03 -1.114792273818142576e+03
-1.141499346725119949e+03 -1.127076521454539943e+03
-1.134587391527348245e+03 -1.140194745533432069e+03
-1.127144427117770874e+03 -1.153942224774844362e+03
-1.119098442635632864e+03 -1.167607991362784560e+03
-1.110872876438589628e+03 -1.179942955036472085e+03
-1.103138353692355849e+03 -1.190979189662223462e+03
-1.095720553316115456e+03 -1.202162468050640427e+03
-1.088158809966624176e+03 -1.214136808725280616e+03
-1.080152066350602126e+03 -1.226858084488154418e+03
-1.071543244803814332e+03 -1.239839799783443823e+03
-1.062521180141194463e+03 -1.251954653885965854e+03
-1.053807278244932377e+03 -1.262465427839405038e+03
-1.045573643188718961e+03 -1.272595764566222897e+03
-1.037362613360894784e+03 -1.283381868805777913e+03
-1.028810846542872014e+03 -1.294976208189314548e+03
-1.019703427265492451e+03 -1.307072351377793893e+03
-1.010049315219368168e+03 -1.318793385426533405e+03
-1.000422145820101264e+03 -1.328963773122199200e+03
-9.913422397248403968e+02 -1.338157240412468354e+03
-9.824748953475286726e+02 -1.347740072165777519e+03
-9.733914550162593287e+02 -1.358134795118186275e+03
-9.638261552025563788e+02 -1.369192596727171804e+03
-9.536720957712576592e+02 -1.380288406562517139e+03
-9.432658360988240247e+02 -1.390190980539864313e+03
-9.333228186239924753e+02 -1.398634758801705857e+03
-9.237824519525775031e+02 -1.407039577349220053e+03
-9.141754681012639594e+02 -1.416186246859178709e+03
-9.041797598884293166e+02 -1.426094843642468277e+03
-8.936158063422901705e+02 -1.436347711512809155e+03
-8.826005982676488202e+02 -1.445900786457592631e+03
-8.718211322459216035e+02 -1.453814706654664860e+03
-8.615820644150041971e+02 -1.461123729745214632e+03
-8.514529014547100587e+02 -1.468999218948947373e+03
-8.410465802012463428e+02 -1.477680157789661280e+03
-8.301301475012118090e+02 -1.486917593021367793e+03
-8.186647749891848207e+02 -1.495928442557672724e+03
-8.071433857924055246e+02 -1.503478469821531235e+03
-7.961799087556306631e+02 -1.509845633318196406e+03
-7.855208225701741185e+02 -1.516458918361831593e+03
-7.747179067062485274e+02 -1.523859547176178467e+03
-7.634863943114665972e+02 -1.531955959834942405e+03
-7.516899288797377494e+02 -1.540202837935150910e+03
-3.931236836584020011e+02 -1.673081888082489968e+03
-3.804268280909774944e+02 -1.675488754861252573e+03
-3.673210669817399889e+02 -1.678552551630423068e+03
-3.536934170186031565e+02 -1.681664964859746760e+03
-3.398637683848961046e+02 -1.683602837386344845e+03
-3.265528253344436962e+02 -1.684045570258465659e+03
-3.137237421276267924e+02 -1.684402041727193364e+03
