3.257587963637603723e-02 8.613504089870382963e-03
6.357549861604544494e-02 1.989715680989223578e-02
9.287717126534372758e-02 3.381087628324852545e-02
1.203606854039676044e-01 5.031110051651976889e-02
1.459068830660812388e-01 6.935050429014999462e-02
1.693972933306470141e-01 9.087762717225822406e-02
1.907138186056335227e-01 1.148364059898346889e-01
2.097384828651360777e-01 1.411656075263314492e-01
2.263532458707377959e-01 1.697981493673614839e-01
2.404398961167898419e-01 2.006602996191173549e-01
2.518800358085865332e-01 2.336707416767368484e-01
2.605551763724796022e-01 2.687394889242278317e-01
2.663469681276834367e-01 3.057666322742204623e-01
2.691375940974326531e-01 3.446409018833101467e-01
2.688103655803085745e-01 3.852380233835712153e-01
2.652505662201590786e-01 4.274188489622919862e-01
2.583466020391840257e-01 4.710272452057481241e-01
2.479915272627315481e-01 5.158877236740690986e-01
2.340850295928923464e-01 5.618028079280984466e-01
2.165359733519635066e-01 6.085501438863395451e-01
1.952656135003745241e-01 6.558793812241091592e-01
1.702116059008569326e-01 7.035088849654888010e-01
1.413329459417148604e-01 7.511223820377865845e-01
1.086159633910425693e-01 7.983657113873645628e-01
7.208147819685695179e-02 8.448439322154684961e-01
3.179316884237920471e-02 8.901191556120146009e-01
-1.213289236413178651e-02 9.337095995455204633e-01
-5.951774025831524373e-02 9.750905181783787734e-01
-1.101084901584841180e-01 1.013697804606260133e+00
-1.635675350556795027e-01 1.048935175099061867e+00
-2.194631041272706584e-01 1.080185855248113169e+00
-2.772627310883503116e-01 1.106829526655070728e+00
-3.363315233454182707e-01 1.128264872572172450e+00
-3.959372509711125976e-01 1.143937321986118416e+00
-4.552640112090899915e-01 1.153370547485448094e+00
-5.134354204385344067e-01 1.156199064284849642e+00
-5.695469156605592609e-01 1.152198200765925495e+00
-6.227049920885385781e-01 1.141307165644642740e+00
-6.720695046000173534e-01 1.123641287656600873e+00
-7.168940433366618459e-01 1.099490882091946453e+00
-7.565593519779703069e-01 1.069306361938699101e+00
-7.905958819530880533e-01 1.033671575760809702e+00
-8.186935688376695275e-01 9.932692256120309038e-01
-8.406991605175226923e-01 9.488430909082854470e-01
-8.566032770517337802e-01 9.011615520632768606e-01
-8.665204419836245453e-01 8.509858359646729209e-01
-8.706655260601339208e-01 7.990449580767580162e-01
-8.693295885350587060e-01 7.460179501879504738e-01
-8.628572996236938408e-01 6.925229143564169965e-01
-8.516272638932369521e-01 6.391118210099945296e-01
-8.360358231988078703e-01 5.862697251927417863e-01
-8.164843785683129074e-01 5.344170992353012295e-01
-7.933699359488447511e-01 4.839141563264645063e-01
-7.670784133397410276e-01 4.350662755801043557e-01
-7.379801968281514135e-01 3.881298757246026132e-01
-7.064274548829874156e-01 3.433182902737214603e-01
-6.727527791848800787e-01 3.008073605409606888e-01
-6.372687929369508231e-01 2.607405843400287804e-01
-6.002684401009052984e-01 2.232337434640460083e-01
-5.620257341535435103e-01 1.883789896404652886e-01
-5.227967998965108443e-01 1.562484039603008190e-01
-4.828210862139265536e-01 1.268970649937501971e-01
-4.423226623721848161e-01 1.003656707865187014e-01
-4.015115369302094117e-01 7.668276327450629370e-02
-3.605849581111186808e-01 5.586660290565037545e-02
-3.197286689954818018e-01 3.792673815721070429e-02
-2.791181013456643933e-01 2.286531033369054722e-02
-2.389194992499610037e-01 1.067812925498801135e-02
-1.992909688651633149e-01 1.355550638505231831e-03
-1.603834539387059555e-01 -5.116818607085016346e-03
-1.223416386054232419e-01 -8.757565221308105663e-03
-8.530478300883159726e-02 -9.589046290700453667e-03
-4.940748844753101165e-02 -7.637083593755145117e-03
-1.478040715470047006e-02 -2.930763279304970936e-03
1.844911004764354656e-02 4.497667128226190414e-03
5.015641945363358278e-02 1.461281109403300693e-02
8.021904243401312140e-02 2.737604857837261374e-02
1.085161739858004903e-01 4.274537645638953887e-02
1.349282413111991819e-01 6.067516354514845833e-02
1.593365132061738132e-01 8.111581792080546638e-02
1.816227635492195791e-01 1.040133632770480210e-01
2.016689892594514255e-01 1.293089142890739840e-01
2.193571966184658661e-01 1.569380499533814532e-01
2.345692570410548017e-01 1.868300670075445646e-01
2.471868498361782240e-01 2.189071059519727136e-01
2.570915065728237581e-01 2.530831336877518156e-01
2.641647785126389758e-01 2.892627667211629117e-01
2.682885541494547388e-01 3.273399169090459582e-01
2.693455609465996714e-01 3.671962404293834803e-01
2.672200938124207337e-01 4.086993701578634508e-01
2.617990228622297799e-01 4.517009124253665853e-01
2.529731446657861316e-01 4.960341919697991431e-01
2.406389544042403239e-01 5.415117348432001432e-01
2.247009308097671632e-01 5.879224895743060397e-01
2.050744406112788853e-01 6.350288040268408096e-01
1.816893828774255315e-01 6.825632017689817754e-01
1.544947033915519130e-01 7.302250406803090232e-01
1.234639105880688259e-01 7.776771918422245022e-01
8.860171090132362703e-02 8.245429525565471929e-01
4.995184300030230951e-02 8.704035070100055727e-01
7.606114462416158073e-03 9.147963726952876851e-01
-3.828548458978536795e-02 9.572154160927915933e-01
-8.750391463182544127e-02 9.971131738468759220e-01
-1.397500695742562860e-01 1.033906347621383448e+00
-1.946345704186657199e-01 1.066985404108690805e+00
-2.516697393133854321e-01 1.095729136864513009e+00
-3.102655111773849894e-01 1.119524749780951067e+00
-3.697312831670149791e-01 1.137793427133442448e+00
-4.292856327720939724e-01 1.150020436365819743e+00
-4.880752815540436718e-01 1.155787646453820372e+00
-5.452035551591520868e-01 1.154805164992982025e+00
-5.997669528256699412e-01 1.146937966284674371e+00
-6.508966761680221591e-01 1.132223306541905838e+00
-6.978004933834585088e-01 1.110875653785287298e+00
-7.397997885888496494e-01 1.083277734697416950e+00
-7.763572557669906615e-01 1.049958663237932965e+00
-8.070923805896207393e-01 1.011562280595256214e+00
-8.317840624508824332e-01 9.688101925338252762e-01
-8.503618297816055716e-01 9.224642223805126218e-01
-8.628885292995245315e-01 8.732922501762836465e-01
-8.695379398862397302e-01 8.220400635097779851e-01
-8.705705580454800030e-01 7.694103882685223716e-01
-8.663101133089461392e-01 7.160490494013533880e-01
-8.571225061294431846e-01 6.625374015313749698e-01
-8.433980501725821810e-01 6.093897703919898268e-01
-8.255372689615956272e-01 5.570545674556977023e-01
-8.039400754178951392e-01 5.059178627358311697e-01
-7.789979279452763361e-01 4.563084197752542703e-01
-7.510884612193591270e-01 4.085034385242176658e-01
-7.205720850953249990e-01 3.627344734464109655e-01
-6.877900911962702146e-01 3.191931767459816882e-01
-6.530638755814693885e-01 2.780366560589745406e-01
-6.166949596879474083e-01 2.393923362301637048e-01
-5.789655606773388419e-01 2.033622830380976687e-01
-5.401395219032435469e-01 1.700269905502734824e-01
-5.004634631640889619e-01 1.394486599548405703e-01
-4.601680491926569139e-01 1.116740116800596372e-01
-4.194693047318826529e-01 8.673667850348720787e-02
-3.785699270845432896e-01 6.465922814529201368e-02
-3.376605636883473482e-01 4.545486160098255457e-02
-2.969210343661003448e-01 2.912882958291618252e-02
-2.565214865208380601e-01 1.567960480304775306e-02
-2.166234775577276783e-01 5.099842996501013914e-03
-1.773809828945888678e-01 -2.622839118577635631e-03
-1.389413305860590364e-01 -7.505245151775308265e-03
-1.014460650794631880e-01 -9.568119855694390274e-03
-6.503174459599947443e-02 -8.835793289794002803e-03
-2.983067322349886030e-02 -5.335935511262102082e-03
4.028423961948468524e-03 9.005882724303360121e-04
3.641978356140079809e-02 9.839769290381994438e-03
6.722003911531682085e-02 2.144441853451728441e-02
9.630770756416962008e-02 3.567404448237609937e-02
1.235627258335111334e-01 5.248464581313416755e-02
1.488660377048267591e-01 7.182841767606862327e-02
1.720992331603069525e-01 9.365336865470119676e-02
1.931442414248656370e-01 1.179028411668421317e-01
2.118830871495909207e-01 1.445149314961468034e-01
2.281977133570690652e-01 1.734217964145243762e-01
2.419698847519534679e-01 2.045488373201919119e-01
2.530811850225690440e-01 2.378137476653761073e-01
2.614131272391965188e-01 2.731254083398066412e-01
2.668474016856029474e-01 3.103826137069758961e-01
2.692662919551563894e-01 3.494726094708578978e-01
2.685532979557151423e-01 3.902694226501825514e-01
2.645940137743024723e-01 4.326319640848467207e-01
2.572773192786445007e-01 4.764018857291502096e-01
2.464969568887517282e-01 5.214011794124356891e-01
2.321535789309822073e-01 5.674295120556785976e-01
2.141573658033529837e-01 6.142613062864734630e-01
1.924313296267105011e-01 6.616425973452005893e-01
1.669154299562528587e-01 7.092877301298292636e-01
1.375716338684129791e-01 7.568760078338152564e-01
1.043900466846520714e-01 8.040484699458138040e-01
6.739621345946267272e-02 8.504050662445621356e-01
2.665963371789975556e-02 8.955026071872811411e-01
-1.769657173477018342e-02 9.388540083369600886e-01
-6.548506909384316232e-02 9.799294984472279868e-01
-1.164432648778040980e-01 1.018160606534369572e+00
-1.702225993277837190e-01 1.052947844034138436e+00
-2.263793672127104029e-01 1.083672993811201746e+00
-2.843686621527352631e-01 1.109716729075694852e+00
-3.435433657516854256e-01 1.130481828672220246e+00
-4.031601930330553918e-01 1.145421476500865676e+00
-4.623944833519838538e-01 1.154071058267792660e+00
-5.203645513612652485e-01 1.156080658047505816e+00
-5.761649813591601665e-01 1.151244422255199185e+00
-6.289064727551295642e-01 1.139522505386075801e+00
-6.777581855292448276e-01 1.121051786778248349e+00
-7.219875289247893457e-01 1.096143042187330163e+00
-7.609924371287765110e-01 1.065264477901524343e+00
-7.943224316800878704e-01 1.029013875330470951e+00
-8.216868285999532340e-01 9.880833648969327143e-01
-8.429506764782876971e-01 9.432215832270940403e-01
-8.581207802193078216e-01 8.951976141169162293e-01
-8.673251183215371363e-01 8.447699701683751838e-01
-8.707890685803562070e-01 7.926624113336980804e-01
-8.688113423100785049e-01 7.395470409307717263e-01
-8.617417045332409486e-01 6.860341214956741096e-01
-8.499617010618852886e-01 6.326674805737513285e-01
-8.338688943433210099e-01 5.799241715299068289e-01
-8.138645965321055220e-01 5.282171030470554918e-01
-7.903447764753133153e-01 4.778995387058669886e-01
-7.636936668098374126e-01 4.292706067432936479e-01
-7.342795583114974933e-01 3.825811940716003501e-01
-7.024522965851958123e-01 3.380397995605158301e-01
-6.685420578042478024e-01 2.958180798253709498e-01
-6.328590534357779740e-01 2.560559374817337197e-01
-5.956938857740123883e-01 2.188660831922198957e-01
-5.573183401043532159e-01 1.843380564800122245e-01
-5.179864529614157664e-01 1.525417234519066412e-01
-4.779357390704248032e-01 1.235302883153227560e-01
-4.373884931824899014e-01 9.734286458289453936e-02
-3.965531085964815738e-01 7.400665458822863751e-02
-3.556253732317716243e-01 5.353878482341745126e-02
-3.147897180730432343e-01 3.594784131119999060e-02
-2.742204028372611235e-01 2.123514483223543081e-02
-2.340826307768072434e-01 9.395801029677075533e-03
-1.945335893894989121e-01 4.195556237829300983e-04
-1.557234170374759696e-01 -5.708519579738502436e-03
-1.177960972286350438e-01 -9.007488414105924157e-03
-8.089028579443535705e-02 -9.500142018585178150e-03
-4.514006891983890490e-02 -7.212706499081011913e-03
-1.067566521642254740e-02 -2.174654838495104769e-03
2.237593321881847785e-02 5.581384840565695171e-03
5.389037296274068467e-02 1.601963094636282836e-02
8.374540342732528231e-02 2.910106355787522858e-02
1.118203914788951092e-01 4.478325455094478436e-02
1.379958861048689034e-01 6.302011215670233479e-02
1.621532340880107448e-01 8.376153739504232920e-02
1.841742503210396231e-01 1.069529890740938960e-01
2.039409427564311539e-01 1.325349463344044354e-01
2.213353074516281049e-01 1.604422689116316025e-01
2.362391937412725573e-01 1.906034353920886826e-01
2.485342584332207450e-01 2.229396527390331006e-01
2.581020238564424307e-01 2.573638205103265797e-01
2.648240619199383472e-01 2.937793335437840492e-01
2.685823320091188515e-01 3.320787048989444212e-01
2.692597077566278863e-01 3.721419896282754936e-01
2.667407363554753497e-01 4.138349895733840489e-01
2.609126842869576857e-01 4.570072203784934506e-01
2.516669351853574321e-01 5.014896250647534748e-01
2.389008189605791310e-01 5.470920249246216116e-01
2.225199658536820557e-01 5.936003097161967057e-01
2.024412939102685494e-01 6.407733872434493438e-01
1.785967517229807289e-01 6.883399401140571916e-01
1.509379473012746331e-01 7.359950781511166440e-01
1.194417939051067856e-01 7.833970325230060761e-01
8.411728758268571804e-02 8.301641161945714220e-01
4.501348897159207496e-02 8.758722780120875573e-01
2.228700434423580568e-03 9.200537052093609169e-01
-4.407930699055362389e-02 9.621970763612879285e-01
-9.368236996156781293e-02 1.001750218870495868e+00
-1.462709549123472896e-01 1.038126051686220297e+00
-2.014441347576708674e-01 1.070712744607127620e+00
-2.587019398512009349e-01 1.098888928400207909e+00
-3.174418805453796955e-01 1.122044460504039609e+00
-3.769616534816176978e-01 1.139606616766004610e+00
-4.364699240800692381e-01 1.151070624348123905e+00
-4.951064564639690024e-01 1.156032270316479593e+00
-5.519716658402906706e-01 1.154219161436947472e+00
-6.061639922220278809e-01 1.145516450892237303e+00
-6.568217359247603415e-01 1.129982884693166323e+00
-7.031646122255107434e-01 1.107854078365154482e+00
-7.445298834570865942e-01 1.079531898653564026e+00
-7.803986828394495756e-01 1.045561202784080823e+00
-8.104099272494095230e-01 1.006597280781185155e+00
-8.343614424895966497e-01 9.633685781125280734e-01
-8.521999724197708570e-01 9.166393706024198451e-01
-8.640030669730990320e-01 8.671762221390633130e-01
-8.699563119259681176e-01 8.157206711083244688e-01
-8.703290832772392349e-01 7.629691482591366425e-01
-8.654512834917071906e-01 7.095599547967795795e-01
-8.556926474768503654e-01 6.560663715135928165e-01
-8.414454127270745154e-01 6.029946156748868802e-01
-8.231105413996959719e-01 5.507853145034928843e-01
-8.010872852905188690e-01 4.998173034386373947e-01
-7.757656693721608487e-01 4.504127823906368677e-01
-7.475213875461580448e-01 4.028431041910413013e-01
-7.167126075754786108e-01 3.573346869745814280e-01
-6.836782323371171088e-01 3.140747195572720640e-01
-6.487372347330822020e-01 2.732164632689629835e-01
-6.121887571977305820e-01 2.348840496847993120e-01
-5.743127347024405971e-01 1.991767385848413063e-01
-5.353708584747864929e-01 1.661726418139402028e-01
-4.956077453191856108e-01 1.359319431366710074e-01
-4.552522150580392557e-01 1.084996569735925398e-01
-4.145186075359755251e-01 8.390797403960337242e-02
-3.736080923796977760e-01 6.217824223588785948e-02
-3.327099407506111661e-01 4.332262864556535309e-02
-2.920027399508682286e-01 2.734550446672401325e-02
-2.516555400051353475e-01 1.424459003163724979e-02
-2.118289270857091067e-01 4.011892230100011503e-03
-1.726760225323144271e-01 -3.365538019592606567e-03
-1.343434087379266617e-01 -7.905004967601714227e-03
-9.697198458832190227e-02 -9.627704590818964014e-03
-6.069775482722172821e-02 -8.558382781211015811e-03
-2.565255499299839981e-02 -4.725102681252368875e-03
8.035280658744314852e-03 1.840888509621163571e-03
4.024030830876063058e-02 1.110520021275995806e-02
