2.703058103881472718e-02 -3.481457666036102960e-02
5.521995662415191131e-02 -6.856869939478799081e-02
8.447080775408000175e-02 -1.011955300549707282e-01
1.146897069929730395e-01 -1.326304088267799552e-01
1.457864576309294558e-01 -1.628102454985632663e-01
1.776734698270554524e-01 -1.916729662137265366e-01
2.102651741481994518e-01 -2.191570128022873876e-01
2.434774477116882219e-01 -2.452008694175685788e-01
2.772270599617081555e-01 -2.697426222523486850e-01
3.114311208259482600e-01 -2.927195362081194130e-01
3.460065253119482542e-01 -3.140676441231657900e-01
3.808693878573297664e-01 -3.337213434826848957e-01
4.159344501962716212e-01 -3.516129908983626207e-01
4.511144653535513749e-01 -3.676724966023608987e-01
4.863195344267118858e-01 -3.818269069299865537e-01
5.214563919118939683e-01 -3.939999751773750614e-01
5.564276234538600985e-01 -4.041117156376261565e-01
5.911308008840452377e-01 -4.120779379843795276e-01
6.254575165957978466e-01 -4.178097598028204240e-01
6.592922963338938569e-01 -4.212130963041258447e-01
6.925113658977468667e-01 -4.221881280935628755e-01
7.249812430041772116e-01 -4.206287506049610769e-01
7.565571205781514985e-01 -4.164220129190580044e-01
7.870810020448304467e-01 -4.094475598180606912e-01
8.163795429023462669e-01 -3.995771000799321904e-01
8.442615469916253668e-01 -3.866739372732022062e-01
8.705150553786827894e-01 -3.705926217488317853e-01
8.949039735583063093e-01 -3.511788071410946177e-01
9.171641648835142657e-01 -3.282694474878600222e-01
9.369989646931597971e-01 -3.016935303436433236e-01
9.540740881401431617e-01 -2.712736432987973290e-01
9.680119681175639590e-01 -2.368288146416616113e-01
9.783856775711615716e-01 -1.981792796578696336e-01
9.847128080825976459e-01 -1.551541260102322628e-01
9.864500603787751398e-01 -1.076031922848083577e-01
9.829899545365962110e-01 -5.541515048090667195e-02
9.736621305280507288e-01 1.455629383474377203e-03
9.577433459345878752e-01 6.295019988441824532e-02
9.344825745315322729e-01 1.288507217156592000e-01
9.031503066733292950e-01 1.987084905691622050e-01
8.631230459656993315e-01 2.717564044143251367e-01
8.140120190920595578e-01 3.468178245381760005e-01
7.558338049735007225e-01 4.222406163068672669e-01
6.891945868908695427e-01 4.959046543570232446e-01
6.154227093820984207e-01 5.653570751792076354e-01
5.365612541044806338e-01 6.280968847894596863e-01
4.551635684281227778e-01 6.819525180795174002e-01
3.739293354345242792e-01 7.254191061642542016e-01
2.953135666989943342e-01 7.578226400786887140e-01
2.212503573668103130e-01 7.792706547553094332e-01
1.530529524175590628e-01 7.904549658624412389e-01
9.145982327718166216e-02 7.924117221414682666e-01
3.675607543165360092e-02 7.863162883627530242e-01
-1.109082847978482000e-02 7.733425576120328548e-01
-5.231435523326655179e-02 7.545829397033063657e-01
-8.726166640339994007e-02 7.310123987243857258e-01
-1.163340609233676215e-01 7.034796551693215383e-01
-1.399489967039249105e-01 6.727129760468453235e-01
-1.585173433606507087e-01 6.393325615627969416e-01
-1.724307367433263183e-01 6.038649786945933240e-01
-1.820553404233719030e-01 5.667573016194513702e-01
-1.877295183404650292e-01 5.283899080509095736e-01
-1.897637997230648965e-01 4.890875783680360134e-01
-1.884421160346241297e-01 4.491288938025049249e-01
-1.840236822736149858e-01 4.087540860492933636e-01
-1.767451458984982127e-01 3.681715452083000328e-01
-1.668227840670466477e-01 3.275631970289908379e-01
-1.544546281834109358e-01 2.870889458121266280e-01
-1.398224513507398958e-01 2.468903431904772017e-01
-1.230935947936727670e-01 2.070936351156240085e-01
-1.044226247818605957e-01 1.678122941263590073e-01
-8.395282661539882341e-02 1.291491364896570904e-01
-6.181754714724685407e-02 9.119810083407586809e-02
-3.814140030341062193e-02 5.404575110493148316e-02
-1.304135094206604339e-02 1.777255480214257055e-02
1.337230780550530129e-02 -1.754602210049871491e-02
4.099506932693497419e-02 -5.183856982744827757e-02
6.972740707150015815e-02 -8.503691147853720267e-02
9.947403452271214030e-02 -1.170753790345347434e-01
1.301432202910502434e-01 -1.478901699384367330e-01
1.616461480559336361e-01 -1.774187687609122266e-01
1.938963107312685619e-01 -2.055994199581131499e-01
2.268089326839585751e-01 -2.323706432275859379e-01
2.603004065849960913e-01 -2.576707776118174475e-01
2.942877412051309038e-01 -2.814375503746405771e-01
3.286880089657794324e-01 -3.036076608489015616e-01
3.634177863022640675e-01 -3.241163740250702086e-01
3.983925758860117350e-01 -3.428971167476992932e-01
4.335262047625123016e-01 -3.598810733820533292e-01
4.687301847401068589e-01 -3.749967740115884851e-01
5.039130258481534508e-01 -3.881696720914551424e-01
5.389794894730108865e-01 -3.993217072042362092e-01
5.738297668069554103e-01 -4.083708495991186238e-01
6.083585659409324053e-01 -4.152306238514922310e-01
6.424540882343414694e-01 -4.198096100017465471e-01
6.759968713294386422e-01 -4.220109220355017232e-01
7.088584722699590168e-01 -4.217316658096945670e-01
7.408999595715110020e-01 -4.188623818848773439e-01
7.719701777487719685e-01 -4.132864837440680672e-01
8.019037417845666926e-01 -4.048797093738644159e-01
8.305187130607480928e-01 -3.935096151129610087e-01
8.576138985483995336e-01 -3.790351586760780656e-01
8.829657184810426607e-01 -3.613064395164760079e-01
9.063245721038148961e-01 -3.401647064325832304e-01
9.274106475795551585e-01 -3.154427924529444871e-01
9.459091328704589685e-01 -2.869662201855125438e-01
9.614648282900722931e-01 -2.545553393359271110e-01
9.736762465725008475e-01 -2.180290329211623801e-01
9.820894477274195733e-01 -1.772107815812058451e-01
9.861921463454503822e-01 -1.319382334817791325e-01
9.854091317245802228e-01 -8.207791538025488443e-02
9.791008787425419246e-01 -2.754734058173785582e-02
9.665685578224119112e-01 3.165254942191741971e-02
9.470706204443901655e-01 9.539118449911854203e-02
9.198587068233070596e-01 1.633453240166951037e-01
8.842431597842468349e-01 2.349185814048002086e-01
8.396989273723826086e-01 3.091496946059794082e-01
7.860167771029197281e-01 3.846291145198096340e-01
7.234865019876197678e-01 4.594627835563537821e-01
6.530657050752981529e-01 5.313376316780800135e-01
5.764530966557931402e-01 5.977329047978648946e-01
4.959848095694703307e-01 6.562640977963716260e-01
4.143383548271859507e-01 7.050594980574386161e-01
3.341353806374574575e-01 7.430232322619167995e-01
2.575939919711348614e-01 7.698901300829461558e-01
1.863395430503748673e-01 7.860897360200334028e-01
1.213855377389798651e-01 7.925151858486191303e-01
6.322644071378746844e-02 7.902940823014228400e-01
1.197220223409123374e-02 7.806145223509365350e-01
-3.252303830628516801e-02 7.646164499619536592e-01
-7.055868272219734116e-02 7.433359609110067323e-01
-1.025149155694129455e-01 7.176848105958072432e-01
-1.288047778331984361e-01 6.884501800533557869e-01
-1.498445404261972147e-01 6.563045187882029508e-01
-1.660365595119042137e-01 6.218193602766819428e-01
-1.777602157784345938e-01 5.854798034265250584e-01
-1.853678825119794427e-01 5.476980577649153137e-01
-1.891839043250764796e-01 5.088254069866107177e-01
-1.895052974626804110e-01 4.691624446011932736e-01
-1.866033692171342739e-01 4.289676732836115725e-01
-1.807257686297913946e-01 3.884646563407384012e-01
-1.720986798498251868e-01 3.478479345582389803e-01
-1.609289935290579843e-01 3.072879122849280220e-01
-1.474063684999593615e-01 2.669348958011401596e-01
-1.317051398845223709e-01 2.269224330001400336e-01
-1.139860608739985404e-01 1.873700906631461938e-01
-9.439787690327061664e-02 1.483857681401460904e-01
-7.307874216905674292e-02 1.100676364378208039e-01
-5.015749171418482089e-02 7.250577187852319527e-02
-2.575478415750676042e-02 3.578354090587826386e-02
1.586959221200334724e-05 -2.121804718924202859e-05
2.704717682805529710e-02 -3.483517827976906345e-02
5.523721884220456069e-02 -6.858864364986039242e-02
8.448867917838809305e-02 -1.012147775142586692e-01
1.147081325354647463e-01 -1.326489211778170141e-01
1.458053839530547569e-01 -1.628279852000958927e-01
1.776928449789775266e-01 -1.916898961820483471e-01
2.102849472175333245e-01 -2.191730961161276747e-01
2.434975684884115865e-01 -2.452160690473048632e-01
2.772474786058657381e-01 -2.697569008004506719e-01
3.114517875360295895e-01 -2.927328556593430386e-01
3.460273899882758686e-01 -3.140799656001901363e-01
3.808903997576836842e-01 -3.337326270050872123e-01
4.159555575709717457e-01 -3.516231951377725151e-01
4.511356150639034834e-01 -3.676815786365648098e-01
4.863406715323290719e-01 -3.818348219889808881e-01
5.214774592223943017e-01 -3.940066763807896777e-01
5.564485610357823298e-01 -4.041171537211962761e-01
5.911515455129205954e-01 -4.120820610138398177e-01
6.254780011418252794e-01 -4.178125128742432581e-01
6.593124490675810190e-01 -4.212144212305869440e-01
6.925311096996193960e-01 -4.221879630793798910e-01
7.250004944598651413e-01 -4.206270299107409683e-01
7.565757889369340017e-01 -4.164186665237892271e-01
7.870989880161147756e-01 -4.094425130889571829e-01
8.163967372606486528e-01 -3.995702734674055900e-01
8.442778289569572436e-01 -3.866652460580681794e-01
8.705302907346414987e-01 -3.705819758845710910e-01
8.949180124716957785e-01 -3.511661112538754237e-01
9.171768393881047921e-01 -3.282546011319515955e-01
9.370100858129135624e-01 -3.016764286565128961e-01
9.540834426509756661e-01 -2.712541782719248840e-01
9.680193149973450595e-01 -2.368068773274495387e-01
9.783907442833715828e-01 -1.981547637841911680e-01
9.847152870114059819e-01 -1.551269336886340611e-01
9.864496060322390791e-01 -1.075732427913999589e-01
9.829861826337482622e-01 -5.538239346295525944e-02
9.736546208807900227e-01 1.491194507278637005e-03
9.577316522173612290e-01 6.298849625360952720e-02
9.344662455891779018e-01 1.288915571850954012e-01
9.031289255899108692e-01 1.987515092300365660e-01
8.630962935214736564e-01 2.718010310238627714e-01
8.139797648852412637e-01 3.468632134351918861e-01
7.557962186191995446e-01 4.222856282173388376e-01
6.891522415350765929e-01 4.959478944848755844e-01
6.153766279871009104e-01 5.653970203723701626e-01
5.365128477011698038e-01 6.281320927623454953e-01
4.551144558462557610e-01 6.819818575925065129e-01
3.738811005625257144e-01 7.254419176091557731e-01
2.952675467286869360e-01 7.578387678770091007e-01
2.212075289520770427e-01 7.792803630171277751e-01
1.530139218462994721e-01 7.904587969858095642e-01
9.142488407827753516e-02 7.924103578627201827e-01
3.672529037965832632e-02 7.863104450621553054e-01
-1.111754956945470996e-02 7.733329214075010949e-01
-5.233719402016379085e-02 7.545701334593843956e-01
-8.728085244884242755e-02 7.309969701202995163e-01
-1.163498430706094711e-01 7.034620768105112054e-01
-1.399616254283447825e-01 6.726936515265673489e-01
-1.585270605804008914e-01 6.393118338408969592e-01
-1.724377704519725052e-01 6.038431388347240691e-01
-1.820599023175034636e-01 5.667345969407073802e-01
-1.877318032377817136e-01 5.283665493174358740e-01
-1.897639860026703040e-01 4.890637459350190563e-01
-1.884403666217170370e-01 4.491047427769921385e-01
-1.840201458783876642e-01 4.087297505807366282e-01
-1.767399583376971783e-01 3.681471420377177006e-01
-1.668160695705729335e-01 3.275388284199198807e-01
-1.544465006334446722e-01 2.870647019712145864e-01
-1.398130154288386162e-01 2.468663042726188528e-01
-1.230829470266890935e-01 2.070698728882284234e-01
-1.044108544874179367e-01 1.677888733574300906e-01
-8.394001675246365313e-02 1.291261161108794298e-01
-6.180377507990231223e-02 9.117553492076224675e-02
-3.812673848692660350e-02 5.402368970675702764e-02
-1.302586754048318252e-02 1.775104465216947869e-02
1.338854836135960902e-02 -1.756693697609323923e-02
4.101200583264152932e-02 -5.185884758065706368e-02
6.974498108574894717e-02 -8.505651197685587528e-02
9.949218994041064690e-02 -1.170942634519744341e-01
1.301619029463246258e-01 -1.479083003899568372e-01
1.616653053488043557e-01 -1.774361079715160994e-01
1.939158912737185547e-01 -2.056159309605972707e-01
2.268288859567846594e-01 -2.323862890797067093e-01
2.603206826046875477e-01 -2.576855211316165795e-01
2.943082901925991868e-01 -2.814513538863390174e-01
3.287087810129481480e-01 -3.036204859363091924e-01
3.634387310321730569e-01 -3.241281812892813363e-01
3.984136420984299987e-01 -3.429078655642421314e-01
4.335473400626728147e-01 -3.598907216565455647e-01
4.687513351415188989e-01 -3.750052779295796057e-01
5.039341353433743897e-01 -3.881769858605872425e-01
5.390004995641058949e-01 -3.993277827864212259e-01
5.738506159863212552e-01 -4.083756364308857023e-01
6.083791891117131811e-01 -4.152340685511768381e-01
6.424744160578929053e-01 -4.198116560629279181e-01
6.760168294851406356e-01 -4.220115095071929057e-01
7.088779806100912184e-01 -4.217307309654170222e-01
7.409189311509982723e-01 -4.188598568852125448e-01
7.719885177060604731e-01 -4.132822963009361583e-01
8.019213460462446541e-01 -4.048737824302367505e-01
8.305354668386198957e-01 -3.935018665597314058e-01
8.576296745930864773e-01 -3.790255011405581076e-01
8.829803750559279685e-01 -3.612947802736005132e-01
9.063379506403987929e-01 -3.401509475182341591e-01
9.274225699829958813e-01 -3.154268310973808997e-01
9.459193984596871996e-01 -2.869479497439060278e-01
9.614732103927335904e-01 -2.545346509792941747e-01
9.736824888650635890e-01 -2.180058184768454144e-01
9.820932605398808857e-01 -1.771849380927877915e-01
9.861932033781498630e-01 -1.319096703105420709e-01
9.854070680128903525e-01 -8.204656500516710471e-02
9.790952913395609691e-01 -2.751317465906472082e-02
9.665590116500067941e-01 3.168949678750998533e-02
9.470566631478229969e-01 9.543078418517086936e-02
9.198398981120239348e-01 1.633873086052052559e-01
8.842191219541339908e-01 2.349624923162715318e-01
8.396694226514773707e-01 3.091948266494597974e-01
7.859818108309402085e-01 3.846744750438949034e-01
7.234464349583002996e-01 4.595070955214987096e-01
6.530213355046727841e-01 5.313794142632808359e-01
5.764056573030217345e-01 5.977706458129301570e-01
4.959358439102178329e-01 6.562964840835727731e-01
4.142894948012142420e-01 7.050856216838000678e-01
3.340881079366982420e-01 7.430426901030673381e-01
2.575494705971140830e-01 7.699029922556787087e-01
1.862985602844962618e-01 7.860964245034276487e-01
1.213485337839316225e-01 7.925163283603116060e-01
6.319358320933932127e-02 7.902903884172086668e-01
1.194346859793615767e-02 7.806066991731905880e-01
-3.254779055000162069e-02 7.646051545258694127e-01
-7.057966361763134966e-02 7.433217790277848458e-01
-1.025323671248024038e-01 7.176682518891911444e-01
-1.288189513758262184e-01 6.884316816376259140e-01
-1.498556830709875110e-01 6.562844528206170924e-01
-1.660449066596916268e-01 6.217980426840805652e-01
-1.777659874317307764e-01 5.854575024239427883e-01
-1.853712819176941418e-01 5.476750015498047519e-01
-1.891851179790149384e-01 5.088017904051536089e-01
-1.895044958682317038e-01 4.691384347892177398e-01
-1.866007080247115146e-01 4.289434143761105545e-01
-1.807213899330859519e-01 3.884402733754760972e-01
-1.720927135087123583e-01 3.478235367009139267e-01
-1.609215584470168325e-01 3.072635954925808099e-01
-1.473975738189488016e-01 2.669107450237658274e-01
-1.316950860819234848e-01 2.268985240069191223e-01
-1.139748407577987344e-01 1.873464915613168857e-01
-9.438557650917056563e-02 1.483625406447507955e-01
-7.306544156650063293e-02 1.100448369384395275e-01
