-7.935847153057693504e-01 -3.658923841912155694e+00
2.185407924987885053e+00 1.462231968181185948e+00
2.337107578487120918e-01 1.272228090268981759e+00
1.144042407778329107e+00 -2.057283560000541911e+00
4.191406523477212431e-01 -3.528013766353616631e+00
-3.658640910330177576e-01 -6.975704677956855448e-01
1.131429922255051679e-01 -7.245094547408825747e-02
-3.611966103946997464e-01 -1.629095639891602332e-01
3.526381868296084576e-01 -5.065811836921056965e-01
-1.350535246902268227e+00 -3.050065881782757060e+00
1.827266169086215086e+00 4.963208496619699872e-01
-1.451182363247198737e+00 -2.811762432888826879e+00
-1.147730997244707396e+00 -4.071087329493821017e-01
-9.928535820092747599e-01 1.747222550197875535e+00
2.470338973541402083e+00 -1.813351738963234538e+00
-1.770760538611284574e+00 1.333651639135723599e+00
-2.638779616519286719e-01 7.749656604710253305e-01
-4.502449277289599650e-01 9.769080682231834345e-01
-1.608416957603822084e+00 -2.272359807225143413e+00
6.328978472708968184e-03 -5.223098832771029265e-01
2.524480334792770009e+00 8.125254970291280188e-01
4.107091157621880484e-01 -2.554046831849973387e+00
-1.078798235384056170e+00 2.392613542988328845e-01
5.290451454839057988e-01 7.358056878408660850e-01
-1.884555629892929574e+00 3.512574092687827942e-01
1.832395204988188198e+00 -8.588806176556431637e-01
8.440377425640690490e-01 -5.056331710484300856e-01
6.157666589842847316e-02 -1.971797781119221327e+00
2.906737657431222033e-01 -2.717716055255095853e+00
3.752570748042671767e+00 2.197484968113712966e+00
-1.879091710277407401e-01 -1.699466456992240637e+00
-9.536729490723701019e-01 2.940660442304761091e-01
1.507736307031791512e+00 -1.960865713223938656e+00
3.130017947641135834e+00 1.502841026940586744e-01
2.761648019687527267e+00 1.617125179056529305e+00
1.612560293053320493e+00 -1.040308431804760403e+00
4.444089688453232156e-01 -8.218861771770207270e-01
7.101185338533468894e-01 -1.809746191332578746e+00
2.262542833346287807e+00 -1.082013861459927284e-01
-7.620619136610002897e-01 2.554119334200848357e-01
2.121614454341511191e+00 -7.781258625304872112e-01
8.977729336857009912e-01 -1.364059041965788310e+00
-2.218387883613104350e-01 -1.012651522214810029e+00
-1.069905673696212034e-01 4.691795447806725861e-01
1.604190228375955485e+00 -8.331750450413437648e-01
-1.277596634911787987e+00 -1.392973822858493804e+00
1.454875440615069238e+00 3.037903617682786717e-01
7.249776517837744905e-01 -6.266580578375169353e-02
2.060510756748044514e+00 -9.716322606720950716e-03
-2.080699032085703948e+00 -7.133155336412073666e-01
6.284885221498370811e-01 7.043819543332574540e-01
6.697788242289561822e-01 -2.043549181752496224e+00
-2.776431552015537818e+00 2.309693916092783184e-01
3.158845847252450767e+00 5.000732990572487324e-01
2.207490800469940950e+00 8.487793387298552261e-01
-1.771528190107346745e+00 8.080207669445371721e-02
1.061879126711119170e+00 3.473820485001169800e+00
-2.207673876492663112e+00 1.232437389044207521e-01
-1.159382412684180963e+00 1.955122989721530757e+00
-1.509322550794422568e+00 -8.634227034508512588e-01
-3.031390364198387033e+00 2.026764821926008153e+00
-1.039436398945781548e+00 -7.781600140497175744e-01
4.029581577729004493e-01 -8.801585611495283956e-01
-7.840969909120758530e-01 -5.362647977140113653e-01
-3.346943860839019180e+00 2.677082985901506618e-01
3.539158157454949105e-01 -1.027362793286101805e-02
-1.827613611787455739e+00 -2.799624131780547032e-01
-5.714992230062136969e-01 -9.419956738120163209e-01
-1.222985655547290662e-01 -1.544644612643367054e+00
-1.113112731552973855e+00 -2.651926234049369668e+00
-8.548949172300126520e-01 -1.307039443227040465e+00
4.766635044006761746e-01 -4.078592645473690936e-01
3.081760410387687443e+00 -1.783281915822399810e+00
2.423701812990202598e+00 -1.725634481669658271e+00
8.441846015280134452e-01 -1.237776950428724376e+00
2.413657288505419274e+00 1.281139884317781252e+00
4.074445618311983708e-01 -2.098268592032582092e+00
2.390045288957480807e-01 -7.624356225519477448e-01
6.551479028190101417e-01 -7.540806844563121558e-01
2.050511490814642457e+00 -2.377033535517512064e+00
1.339311732093847240e+00 8.277884403105417732e-01
1.359921293636034534e+00 -1.963820536949242523e+00
2.520838733853906888e+00 -9.471914988425851334e-01
2.573437323920188646e+00 -2.614565988896004001e+00
5.241516324804251781e-01 -1.680238030429791252e+00
2.459179505770634933e+00 3.129876549219261506e-01
1.809469320578614315e+00 -4.528387497848598287e-01
1.638947074643169799e+00 -1.245747547678547562e+00
1.558136606637162913e+00 -3.134844073810654663e+00
2.726991686204200960e-01 -4.051879653361538658e-01
-1.543068273957942438e+00 -1.598633764142505242e+00
7.306585878050100291e-01 4.473679074175294090e-01
9.338806073824343912e-01 -3.400582916888197360e-01
2.780040081825291054e+00 -1.241647892543369380e+00
-1.822654693682466132e-01 -9.383357672632541835e-01
1.222312857058113877e+00 7.411205832431733143e-02
-8.624134246269932191e-01 -8.731109161396659601e-01
1.473451531736827746e+00 8.307266372007688915e-01
2.137009428805868083e+00 -7.740016811703753774e-02
4.099158164617620059e-01 -2.936203421068057651e-01
1.261642591889540199e-01 -4.304944914025554681e-01
-6.560599735466894344e-01 2.490617276862394647e-02
2.805889292353640485e-01 1.431336790890327393e+00
-1.599455405050775880e+00 -4.863707557199177245e-01
-2.682605934976095341e+00 -1.101144166437734384e+00
2.313636967684942647e+00 -1.296874234792767311e+00
7.369792255140055204e-01 4.355730751215105556e-01
1.286470117240241962e+00 -2.290320263585272187e+00
9.755404840689152479e-03 1.724688790006894124e+00
1.917930158912895422e+00 5.151721488260392334e-01
-1.384779210626220447e+00 1.209949455414971453e-02
-3.638794083353786846e-01 1.424466419392729222e+00
1.346350657668153872e-01 -6.046621167497505667e-01
1.264670706501533459e+00 -1.672225725732459978e+00
-1.565204759399421164e+00 -3.362127528835117118e-01
-7.834310697635373799e-01 -1.365279949799798942e+00
2.246936127628714530e+00 -8.045729803525318857e-01
-1.822061660254348681e+00 -2.172520310611162131e+00
3.501186708140267001e-01 -1.079215944080942791e+00
-4.636280448446541413e-01 1.028318137605310767e-02
1.684225936686857494e+00 1.360580825719523546e+00
-6.987978384881898819e-01 -7.255289982604153920e-01
-2.700393782149149047e+00 -4.622005967958102701e-01
-8.871034168523692642e-01 3.929584842344411300e-01
-6.194113888737211582e-01 6.330237228776240954e-01
-1.103333607090462465e+00 9.472116735823874478e-01
1.461876616134873075e+00 -5.915000949448767642e-01
-1.041447820823577786e+00 7.314627958388086881e-01
-1.087268835877466699e+00 -1.685875059974932810e-01
-1.241995840448680610e+00 -1.325807081337416093e+00
-1.172281421058869455e+00 -1.993178659205113945e+00
4.169842896246791497e-01 -1.518910712642991712e+00
3.171571513696470390e+00 -1.228604295670720603e+00
2.845039815919790271e+00 -8.105499135967875191e-02
1.602616357444958339e+00 5.473570586364076007e-01
-5.944630179419618798e-02 -1.255686003337814327e+00
-7.251397061845636927e-01 -1.807198843258447596e+00
7.169424076914765465e-01 -1.479023422187310643e+00
1.672128667305514682e-01 -5.595064565959546599e-01
1.289557288219157272e+00 4.271664827856511693e-01
-1.666605126077001842e+00 9.349950215842000034e-01
-3.063753024948709935e-01 4.479843765661826183e-01
-1.773986513406384802e+00 1.186163399870110879e+00
9.203502205655240687e-01 -1.239447691762961767e+00
1.297631396678752935e+00 -3.938848639268371699e+00
-5.376723925332953513e-01 -2.763434937353224541e+00
-2.981045359338168055e-01 -1.100020187996051391e+00
7.019058444241181860e-01 1.018857087917140802e+00
5.404670442712813383e-01 3.183749461952629645e-01
-9.244360245356801897e-01 -1.818571081773825426e+00
-1.276909170147973782e+00 -2.058008816263395602e+00
1.086317784588118229e+00 -1.773665101318783854e+00
1.085270649821723055e+00 4.816157730341501519e-01
-1.427938735791940417e-01 -9.174220208697079215e-01
4.782969560869787529e-01 4.822535113185040245e-01
5.803587821128530777e-02 -3.999085088921219722e+00
3.913073143520250596e+00 -1.264877342237014091e-01
2.375008598158729001e+00 -8.947054582088185271e-01
1.377187390187373239e+00 -2.219596653205144321e+00
8.441155837056157907e-02 -1.784706252426190076e+00
2.708574609191686022e+00 -2.018334527255319699e+00
3.474185140476947709e+00 -2.082179054960761277e+00
6.139909354355950200e-01 7.426301847744980478e-01
5.610175168658315670e-01 2.509797788935429708e+00
1.462604164994445455e+00 -1.014329224874927604e+00
1.180271188093229284e-01 -8.128960079056923860e-02
2.688223169700449944e-01 -3.984551769117388176e-01
2.873620653946090897e+00 2.276038543850518181e-01
1.260949544532650179e+00 -1.698183102259463340e+00
2.281487421412748517e+00 -5.484486882651253836e-01
8.203984438105180743e-01 9.749591789357054950e-01
3.806113488849860005e+00 8.295578993952403835e-01
-9.343085548766794091e-02 -1.195777403962438257e+00
1.342389892057781253e+00 -1.083425793385544011e-01
8.418246766896118061e-01 1.946505298282772856e+00
1.538556162215627410e+00 -1.131581955479077806e+00
-7.462355052098246233e-01 -6.683831631726206979e-01
-1.351028351899003610e+00 -8.370100296315285959e-01
3.857869151635213711e-01 -1.669463808211730793e-01
-1.746333132755808037e+00 -4.171319956060415279e-01
6.493359814548966824e-01 2.760877365067699429e+00
-1.768656945496331900e-01 -1.478124564012979647e+00
-5.001093571931960469e-01 1.494631608060672079e+00
3.904339189914480812e-01 3.179909364591253507e-01
1.847254312679069699e-01 -2.291884730602760101e-01
2.288850778350024484e+00 -1.015373456357338000e-01
2.845202273711038288e-01 1.267690403123651777e+00
1.677612576503975106e+00 2.953891189782098081e+00
2.267274841551625286e-01 -2.161205695079274847e+00
-1.048053359484129032e+00 1.743122386394588830e+00
-4.487615593716327567e-01 -4.364794909027978065e-01
9.578385275008258759e-01 2.542242418555360928e+00
-1.443560184768557519e-01 -1.737692351893201703e+00
2.315099836820024848e-01 2.192540741928496573e+00
-7.131106438703227468e-01 -2.799440242288113723e-01
4.777199460813790211e-01 3.830929341411319911e-01
-4.806347630608343025e-01 -2.041866653304168722e+00
6.471837791600592027e-01 -1.364875307760939904e-01
-1.387279507033099435e+00 -8.251567075549246510e-01
-1.416692140537634259e-02 -1.620752285100024892e+00
-6.431184498804611849e-01 -1.758335056405485375e+00
3.193591330140407081e+00 -7.345085891220151098e-01
1.064072053602558299e+00 -1.570560051701249904e+00
6.998383799314069620e-01 -1.011000843256852022e+00
1.643903649788626353e+00 1.026921393908196478e+00
8.709414202303378261e-02 -1.408109192111623997e+00
6.040793898080210056e-01 -4.683896614424156724e-01
-9.010344636567424459e-01 8.310670796849990438e-01
1.418324616682355099e+00 -6.805842068497440778e-01
-7.414106767148496147e-01 5.460149995897154440e-01
9.385125655571755487e-01 -1.940235053899414197e+00
-1.470630433688256744e+00 -2.038104559687781148e-02
1.610076304365975375e+00 -1.345710968868388591e+00
1.329507325461236178e+00 -2.064109072421388191e+00
2.452466223097644615e-01 -1.195359868102514156e+00
9.181927165213892295e-01 -5.980000211526430576e-01
-1.124792219195114740e+00 4.314575317948765587e-03
-1.544627925146414782e+00 -2.589300180083682790e+00
8.032623632947206715e-01 -7.566586679756710510e-01
-6.972060508593358463e-01 1.456571818930228801e+00
3.346627533779610530e+00 -5.978682266895702924e-01
2.318405665131422211e+00 -1.818256785166340705e+00
-1.205540229458165413e+00 2.478255034432095272e-01
1.380620501940029499e+00 -1.787409112112072762e+00
2.381687329689157195e+00 -5.250229210856787176e-01
2.295117035564885555e+00 -1.823694347713171737e-01
1.070380270609803119e+00 -1.373549387796629162e+00
2.184097192009630817e-01 1.072704858936958772e+00
5.068964128108746081e-01 -2.377713545956794405e-01
3.550286595548186597e-01 -1.609367441727954429e+00
4.177212430155350376e-01 -4.970998365922696394e-02
2.419338649421206355e+00 3.798637660156600759e-01
6.373767041902738129e-01 1.393712484742366087e+00
1.884253561356672435e+00 1.155410884853154130e+00
5.032783045926407794e-01 -1.872914505778453531e-01
-1.737959905026173146e+00 1.130972527569156227e+00
1.015250417496361024e+00 -2.048108597288774035e+00
1.272831015628725027e+00 5.224360615511614014e-01
-4.262870170941823744e-02 5.637370801412231458e-01
7.160940280384693324e-01 -1.455808234741198248e-01
1.589014593719184631e-01 -1.928667233878513798e-01
-2.278847770812717499e-01 1.622578232504565676e+00
2.348562028182641370e-01 6.116724598678047187e-01
1.327852624175420715e+00 3.993803904168089502e-01
-1.061313729233916092e+00 8.482410989613526908e-01
6.680969385270145722e-01 5.394175211204128573e-01
6.184259375617102705e-01 -1.257075692704631820e+00
-1.773592348518150175e+00 -9.016511946231275942e-01
2.823722745733903139e-01 2.004565197333249671e+00
