-1.888905160785725457e+00 -2.267352663332076190e-01
3.573402408374022343e-01 -7.816930413864611182e-01
1.537568683436802530e+00 1.227983441734750159e+00
1.611277942117794737e+00 -3.825415138620428479e+00
4.139324775039398219e+00 -3.114525064797817322e-01
2.183484272770328971e+00 2.470887218897132698e+00
-3.060478212589600844e+00 8.544650730900684721e-01
2.519283296896901447e+00 -1.078751233288130607e+00
3.684925589314389072e+00 6.410477440858812770e-01
2.371437834435255354e+00 1.962223302736674668e+00
6.776889477557688224e-01 1.410293267785675653e+00
-5.486802415174452108e-01 -6.059266225491910518e-01
1.063091115912015994e+00 -2.684493734038824186e-01
1.919833633680354978e+00 -1.548586374287310719e+00
2.115069806930478080e+00 6.627070236654617474e-01
6.074882507173242630e-01 1.948330478537172894e+00
5.878288942149083596e-01 2.923508243207834312e+00
1.608378194327201527e+00 3.318574122689597061e+00
-6.538515919260134979e-02 1.150757686086762988e-01
1.630949127289568423e+00 3.099553333277071943e-01
1.753008119349033223e-01 2.305601097851422310e+00
8.352376642123999773e-01 2.721413332888914738e+00
1.285512319990630203e+00 2.139727157933975832e+00
2.130222329647949664e+00 8.939814987634235877e-01
-7.825552309673753371e-01 4.488678009079194453e+00
-1.711858157101119104e+00 1.582493971686787404e+00
-1.703701476605601783e+00 1.758834415826640907e+00
-1.315776458441177965e+00 4.770847168752027301e+00
-3.030396287132816724e+00 1.130641974232275970e+00
-8.108692761961719953e-01 1.260427688134541313e+00
2.976853676786959113e-01 -1.775885783858939249e-01
-1.549703906518487884e+00 3.462276306136118365e+00
-6.074656506525570876e-01 8.684939489934322410e-01
-1.921097667270601050e+00 1.270060251436007093e-01
-1.362082097633674493e+00 2.802400284116629336e+00
1.381917666106801335e+00 2.054993808073959372e+00
2.134659615664418197e-01 9.930615789053263143e-01
-9.512258862934004355e-01 2.886530439481703070e+00
1.012192927359365058e+00 9.272099416464243404e-01
-6.335665903438894020e-01 8.497569762294006068e-01
-1.215836873725379519e+00 -1.056488727472242317e-01
1.689233061597406049e-01 -1.409153649105519435e+00
6.338898694193630945e-01 2.166574375908112415e-01
1.577625284785426629e-01 5.666462134604444145e-01
-4.869996103816447430e-01 3.320588555852737045e-01
2.949304228036453424e-01 -2.291720550031186576e-01
7.452887917372663651e-01 4.190759890175286273e-01
4.663563270480608480e-01 1.411995781455857468e+00
-4.019733601983261906e-01 4.770415762868651655e-02
-2.138159059614025637e+00 -9.873270979915105272e-01
9.622507926092112029e-01 -3.720434667650579286e+00
9.974663837238040287e-02 -3.874847542293082370e+00
-1.204698365930198634e+00 1.311878707582764036e+00
1.928379907375699531e+00 9.906465658677916508e-01
-1.557111573606562160e-01 -1.068700663308959520e+00
-1.278502752602435066e-01 -9.057264925640993170e-01
7.554733300167981724e-01 1.261138196477077145e+00
-3.632767274425532378e-01 -3.548499599432943796e-01
-4.034560482414235594e-01 2.002662851802028854e+00
1.820096218992603099e+00 2.803245802263063524e+00
2.157586478131634067e+00 1.449442409593814318e+00
1.534481802794743999e+00 2.423210878355348541e+00
1.636130189966024773e+00 7.906760034262561021e-01
3.195176962667119369e+00 8.095031804450627533e-01
3.192786923491553353e+00 8.728420572188042570e-01
-7.091022904642159119e-01 1.976580298195131036e+00
1.170252101499272612e+00 2.168393927381430331e+00
1.233306077236193232e+00 1.573100860277008906e+00
1.858944440697086975e+00 4.263892953831600607e-01
2.317304627120847726e+00 5.877482768666368429e+00
2.908778724116928061e+00 5.273203174586797104e+00
1.476114814278162157e+00 1.936060604884776382e+00
1.353653990331167734e+00 4.630185288706343272e-01
5.193874215910909697e-02 5.842715869610401569e+00
2.368822505449770688e+00 3.178845506067574433e+00
2.121740002296704120e+00 1.400500647904664220e+00
2.135476022430793819e+00 1.828946728039227310e+00
3.872400140917306999e-01 4.667773834172805891e+00
1.043745035336996807e+00 3.653719710787299846e+00
1.172946144093543808e+00 4.338493490953624132e+00
-9.476262948528528796e-01 2.158876231276735780e+00
1.372334874102074664e+00 5.599541570547899028e+00
-1.611464541619170632e+00 5.580624871019608690e+00
-2.078659413637069520e-01 3.700254402139762533e+00
-1.159828683270916372e+00 2.477307449183626886e+00
1.517049399747520511e+00 2.521207420393920984e+00
-3.347832430161361117e+00 3.718860415447124979e+00
2.082274943677475676e-01 3.602831443266040878e+00
8.016191890164918732e-01 1.540491700990060053e+00
-8.416618928504249197e-01 3.537855370981560554e+00
-1.516322664644121687e+00 3.071653166564829007e+00
-2.018636251600526066e+00 4.027247763875493547e+00
-8.344805039478160325e-01 2.130541430862649577e+00
-6.710994766740441264e-01 2.513818605647884397e+00
1.604628163448978739e+00 4.161374472096213140e+00
-1.113973447203306932e+00 2.943353283349551930e+00
-9.998088710699448711e-02 3.951759334325515738e+00
-3.001618288782310628e+00 9.506228125314919453e-01
-2.416635789877886964e+00 3.080797006329703436e+00
8.525746308737325307e-01 -3.401771287531119015e-01
-1.013303105075465282e+00 -2.467058196662037517e-01
1.434635382368924184e+00 4.744933162237430224e-02
6.389098579539904676e-01 4.117973049724241719e-01
-8.666545904206941486e-01 2.134225600809713796e+00
1.385722277760123688e+00 -1.388017427185559427e+00
9.059994571134666330e-01 1.622472376433279351e+00
2.828976318332934170e+00 -1.950766639124594803e-01
-2.792337545552072697e+00 -8.679303823255395400e-01
1.053915526293167204e+00 6.617462437245649198e-01
1.085020279657328501e+00 1.304024378801386774e+00
1.420286856004622678e+00 1.121021338542050216e+00
1.942431061298520945e+00 3.442227810113081432e+00
2.545398693283914326e+00 -2.112661163300799672e-01
4.814655386755930522e+00 5.996834985044188215e-01
1.937474905265844427e+00 3.208918863138023880e+00
4.065308371276842081e+00 2.069712069095089646e+00
2.602632735437964584e+00 -3.362683951437475116e-01
5.440746145253115174e+00 2.429724338163396169e+00
4.008566400826111931e+00 2.232473795693294960e-01
4.260934755824564490e+00 2.260020762445037690e+00
2.841110914840101032e+00 5.022304611570461930e+00
2.270025756176437426e+00 2.025710016409902892e+00
8.688594639770599315e-01 2.727684341730764572e+00
2.206282165381821869e+00 3.859202850135829976e+00
9.154067757035591058e-01 2.925430714802416787e+00
1.944457425629906311e+00 3.276672042044083355e+00
1.644234056599998439e+00 4.791188273882710291e+00
2.217396476792259818e+00 4.762842669887504599e+00
-5.771174777464693761e-01 3.408370737912719051e+00
-4.786387821502557927e-01 2.892111457379087369e+00
1.556048778264084831e+00 6.573309280215653416e+00
7.990779435385775287e-02 3.518017090575995098e+00
1.621327136377203715e+00 2.884923363150392106e+00
6.574407805203463795e-01 2.206816296318720561e+00
-2.084170580857858113e+00 3.316726007259603648e+00
-1.495208492735400796e+00 2.786398067365894349e+00
-3.964064916734741928e-01 2.781927397997710827e+00
-5.017395243685314199e-01 5.438306754791938147e+00
1.246086528458363318e+00 6.256161927330140315e+00
-1.700808888717801892e+00 3.904712873930066053e+00
-1.198964840562098289e+00 4.238167572470047162e+00
-2.732807029488867556e+00 5.118016963381705864e+00
-1.442813103459684498e+00 2.008500775175889430e+00
-2.278627482852243702e+00 3.631118274578511773e+00
-1.879965125232047285e+00 3.158947643934880034e+00
1.053922066862469364e+00 2.484877754523154181e+00
-6.428958236087964906e-01 2.450694004880034527e+00
-3.935804101979556435e+00 5.072982768641622897e-01
-1.377517881261155708e+00 1.126330810859144549e+00
-2.794376718891953715e+00 1.693510698616591981e+00
-9.607478553194823689e-01 1.929793278048009597e+00
1.681039350310129521e-01 4.831004907264286885e-01
-1.442573683122532202e-01 2.534790712572657867e+00
-7.558964641179954924e-01 1.592812939715486209e+00
-1.617379994650946173e+00 1.504211371748169768e+00
6.073282108400235302e-01 6.178355983188339451e-01
2.912905892230810423e-01 7.636711910136000370e-01
-2.082389428915121243e-01 1.411096391301725816e+00
-2.287876501636674220e-01 -2.594916944635770051e-01
4.219743201466599203e-01 1.616642294982284511e-01
-7.298741770300694043e-01 -6.927032722178410040e-01
-2.015669699469526677e-01 1.511130469609270222e+00
1.066292666640350717e+00 -7.456731991396736703e-02
6.315543788491595478e-01 -2.090462899390786333e+00
-6.366920000148184045e-01 -2.825972207281211013e+00
1.959218790652812459e-01 -1.847260184809783823e+00
3.381580518577266048e+00 -6.660064679658717068e-01
1.945558796972136406e+00 -1.011792751648840749e+00
7.553560356432171830e-01 1.723788358254751074e+00
-1.344692359210057475e+00 1.756837744620497688e+00
8.852800198626482597e-01 3.533368677033649874e+00
7.104865196405398819e-01 6.262097073713448481e-01
1.459523594195616170e+00 -6.108528119966649683e-01
2.301597832721199666e+00 1.875205594706130796e-01
3.711055932409635716e+00 2.133020732265549668e+00
3.538960942914400221e+00 6.875753696858737385e-01
1.767990937618378666e+00 -2.305726696263263875e+00
3.662921391122495152e+00 5.485161654094099504e-01
4.208682352538062332e+00 -1.228158630716279731e+00
2.142684993133116222e+00 1.612614057513383159e+00
4.416196861337994051e+00 7.759380357219924917e-01
4.468676414573451439e+00 3.214523827670745959e+00
9.748390390607255540e-01 8.769925365686503937e-01
-3.627255300534670823e-01 2.130475726924487390e+00
1.235554649857931508e+00 3.361873456234206969e+00
3.604126057942352190e+00 1.739484681276280753e+00
3.087646796083390655e+00 3.178444587369085639e+00
8.342418139864093973e-01 1.879244936229042651e+00
3.566217326540140675e+00 4.349013247555262751e+00
2.186416442242261837e+00 2.173319894247470074e+00
5.576878971369296778e-01 3.653954173257261573e+00
2.948789505401691713e+00 1.795767228754357347e+00
2.944992944257592171e+00 3.564369729977443058e+00
1.078492907685586033e+00 7.238067525705787375e+00
2.155805006055743434e+00 6.516907580528823019e+00
-8.391699689955203212e-01 3.093498370991483171e+00
-4.709751152375929450e-01 4.874292932143816870e+00
1.517963456000870792e+00 4.225988052600570200e+00
4.860149876776631572e-02 2.245689454851799383e+00
1.191603335410945874e+00 3.407070688666863134e+00
-1.127580341736802438e+00 5.526729170683665870e+00
-1.559278968405351407e+00 3.138410450748779112e+00
2.455473830698906568e-02 2.920231419400067807e+00
-1.814704606344093918e+00 1.142560029750598005e+00
-2.359020925630829879e+00 6.716299041636375478e-02
-2.201977534530669800e+00 1.961099852739607741e+00
-8.860859018298015144e-01 6.471320565788118984e-01
7.225945999314262735e-01 1.412468140097189462e+00
1.226123685681159259e+00 -3.006205080591826118e-01
-6.573843247106196941e-01 -1.191573700009485037e+00
3.703312697350611415e-01 3.652348423311195802e-01
-5.263503655514796264e-01 1.291723961420075284e+00
-1.475295478215002731e+00 -8.289796948929080145e-01
-7.064201771718217060e-01 2.328585108146853599e+00
-6.517084300708120281e-01 2.370902806767617221e+00
-3.459166520302005665e+00 2.012992970453524322e-01
-2.193475607792606752e+00 -1.049428938091253372e+00
-1.054102111539577891e+00 -9.694429258548780126e-01
-1.772825950306014420e+00 1.542307617512051365e+00
1.484768716395024057e+00 8.466125816248677438e-01
3.819571119988722785e-01 -6.453823271840519737e-02
-1.350377783440876556e+00 -1.153393978751864779e+00
-5.013409970540578797e-01 3.352558395527012181e-01
3.069359949853605940e+00 4.565697670932422625e-02
2.758370308984012809e+00 -2.196786514748509944e+00
1.866242868962217472e+00 7.363382496782833186e-01
3.997552184077903803e-01 -1.354206547133344429e+00
-4.435105383663540124e-01 3.697184150164503080e-01
2.388675837201049035e+00 3.387474924020352773e-01
-1.082382258754705617e+00 -2.310705029650762299e+00
1.691213786803245966e+00 1.479919501935910375e+00
1.899666298601005110e+00 2.442689235713260132e-01
1.011106512340120389e+00 -1.173827156007973826e-01
3.143228524627375009e+00 2.094040248554165373e-01
-7.294155617523756518e-01 -1.257123943301849067e+00
1.896645968238772184e+00 -1.044436556354071399e+00
2.528613650842089555e+00 5.417765794811657543e-02
1.202843682602633635e+00 2.480566921367881150e+00
2.011213761497856467e+00 2.959761796579186921e+00
3.754626363364309327e+00 5.078854402591105099e+00
2.708464960202036309e+00 3.091228125464340337e-01
2.588314512033775827e+00 4.043801697872368095e+00
1.662442915172277935e+00 6.005763857782085324e+00
2.172417810673778149e+00 3.089050155879704107e+00
8.013495240111296880e-01 4.409453981230399222e+00
2.029095563827922888e+00 2.704113551238151558e+00
2.336396288288597134e+00 4.029841094265975698e+00
2.071766131984986714e-02 3.787018227300393391e+00
2.185226593549487006e+00 3.460787554914531938e+00
1.728271539111460697e+00 3.497217977951549983e+00
-3.279353082650686702e-01 3.441902811876730084e+00
-1.219433123777662331e-01 6.334302752574785700e+00
-1.223230103539208358e+00 6.405374868452781811e+00
-1.344001362321250781e+00 1.980600558873106820e+00
-2.824433962253806385e+00 3.053742243433589465e+00
-1.497165005127499171e+00 2.242736648604136462e+00
-1.522363851393492951e+00 4.332289108716395276e+00
-1.248115453953005272e+00 4.265849026696514557e+00
