-1.804839335467477213e+00 -1.210853269299377644e+00
1.216537598485047056e+00 -8.653999577563808998e-01
-1.957874242079924443e-01 1.452718261852169235e+00
1.561153871199735477e+00 -3.632712264065958152e+00
-2.437167425873596471e-01 1.393799357504285297e+00
1.418232926534983562e-01 -4.431941923940030392e-02
-6.735984820852536359e-01 -9.696310687468212564e-01
1.716105229015170153e+00 1.018573210856629885e+00
1.359882725249008217e+00 -2.414106474359869026e+00
1.748213697951086942e+00 -3.147328751993200058e+00
1.073834699927829206e+00 -1.197491059716412565e+00
-4.617069713101500383e-01 -1.946166177932354913e+00
-1.679524917161870690e+00 1.650964284262045112e+00
-3.610366576792785054e-01 7.832669629628981056e-01
3.687737320169617306e-01 -2.735639508995205915e+00
-5.259924298115947749e-02 1.577075381931081210e+00
5.242880373791649617e-01 5.567550853979810199e-01
-3.396775790014032737e-01 7.147485639869390894e-01
-2.715678871896898272e+00 -3.130334048793770307e+00
9.817974939345504026e-01 -1.188988581723151583e+00
2.175985151525310357e-01 -8.104493331184130511e-01
-7.444549050802606871e-01 -3.511143340347189223e+00
1.496766898149871849e+00 1.362974534100430901e+00
-1.680488304093159968e+00 -1.893844605776962453e+00
-3.396661397911884706e+00 1.364034878965867392e-01
4.000384024514005432e-01 -2.744341177876776783e-01
2.296287501349070226e-01 -3.570169605618502828e+00
2.213053430985610248e+00 -2.400353422172884166e+00
1.465000192119987332e+00 -1.740589050845755992e+00
2.913407332764109015e+00 -2.066846709476521937e-02
-1.050337087564003014e+00 -1.310087987513043117e+00
1.599140275890931662e+00 -1.308294671066505543e+00
2.209609031236595911e+00 -7.621204426714029978e-01
1.194011348221465596e+00 1.998477630814704753e+00
3.472925191172635095e+00 2.475478160049533471e+00
5.718780683446311741e-01 -4.781116946063548312e-01
4.111070161701150028e+00 -2.953152716754630092e-01
1.702511680777206493e+00 -1.218649304925293109e+00
8.427088896055465739e-01 1.770957459888450103e+00
5.558293864073675650e-01 -1.067016821376643776e+00
1.582401152182953297e+00 -1.729759462517449720e+00
1.087060079095181209e+00 6.117306906772910224e-01
-3.946540708111569984e-01 -2.244221195684303893e+00
7.884489846321685036e-02 1.179803388559776067e+00
-1.202097653505916242e+00 -5.113347457338477398e-01
-2.688934823447198141e+00 3.537227409024126246e-01
1.491314481545487070e+00 2.613375453897901934e+00
1.110447241206202307e+00 3.230695262237190946e-01
1.500899489946277754e+00 7.770403603938120796e-01
-2.346785600966541097e-01 9.326314279580856237e-01
3.581035543170401070e-01 6.906248013010554132e-01
6.709833971661964824e-01 -1.666424212009587791e+00
4.303606468101861537e-01 -2.825679857730847289e-01
4.646449458186907577e-01 8.645641156779220182e-01
5.042595165609782271e-01 9.623804125944843690e-01
1.486547423344291019e-01 8.878617270120230387e-01
1.182950030158963273e+00 2.892562223399636423e+00
-3.274008337902159838e+00 -2.785699440073585720e-01
-2.667547140281385509e-01 3.536717658280394971e-01
7.528912938141729683e-03 -7.077540581783523521e-01
-1.117041487932510790e+00 2.695379973965827958e-01
-5.686396994731239829e-01 -1.006474961361163878e+00
-2.111293481592383614e+00 -1.308653114501339587e+00
-9.209979036313598044e-03 -4.138239763656201831e-01
-2.509844347820944677e+00 -9.469425299948852626e-01
-7.789210019500387716e-01 -1.333634694337661131e+00
4.726957983089050686e-01 1.060439612283516908e+00
-1.312833096664235200e+00 -8.492541797641024459e-01
-3.188799364637134204e+00 -1.565792394645882268e+00
-2.504062621574121295e-02 -1.179172217651284882e+00
1.886468381235317793e-01 1.258579373979955562e-01
-1.384478149996539287e+00 -5.672717061152070528e-01
8.644860715061213341e-01 -3.013811143112832269e-01
3.145348903288322617e+00 -7.853301256159284094e-02
1.185080990531787393e+00 6.208470076217054157e-03
2.669735522137671069e+00 2.015999988260773534e+00
2.544794845071010059e-01 -1.490102839493829379e+00
3.069583619794684637e+00 -2.163695693388945074e-01
2.914627983746981954e+00 -4.364890561400898150e-01
5.657684060515748570e-01 2.187869347856121749e+00
1.061108070921136459e+00 7.397325758220176795e-01
1.625496592039780808e+00 -1.898092421582987299e+00
1.901070326084436601e+00 -6.594873774042753212e-01
2.285440210230035518e+00 -3.339527488177679970e+00
1.019519307937116537e+00 -1.816415135468105291e+00
2.040751471940779993e+00 -5.688187349933286896e-01
8.132878206041596059e-01 -1.114054470480823511e+00
2.359121310301020458e+00 -2.077657137128881004e+00
2.359154804911668180e+00 -2.130102898323002591e+00
3.284495619482186157e-01 1.544151166149731580e+00
-5.413978914193648961e-01 -1.577277454674913315e+00
1.056134702787858259e+00 -4.030390924127260632e-01
2.622324885896887281e-01 -1.461194292010986828e+00
2.218023714158334769e+00 8.377635726928929216e-01
-6.011025673387848656e-03 -2.852085790107139474e-02
8.954947850377266150e-01 -1.069352208663985948e+00
-3.556028150637757790e-01 -6.293857018108326429e-01
1.317590847968858725e+00 -9.256832407979800337e-01
2.777295856059936341e+00 1.572209012414077733e+00
2.036965038757443835e+00 -3.514917308166332077e-03
-1.035966907646525215e+00 -3.521914503221523773e-02
1.689540332698925340e+00 -4.124449725932208821e-01
4.943528892808899400e-01 9.161519469398626825e-01
1.545987640593693868e+00 1.019018100888160916e+00
7.114257552273670626e-01 1.952402648240422423e+00
3.621312996983760968e-03 -1.058416030008174857e+00
1.574921543149685021e+00 1.476384468645619563e+00
7.254693761888120207e-01 -2.601465357349297847e+00
-2.693946628734920523e+00 -1.524064477316642297e-01
9.730272917777256225e-01 3.035235303856126166e+00
-1.543604853869510407e+00 1.706897919810671738e+00
7.946136683767690556e-02 1.238126913223140946e+00
-3.710665536054875702e-01 1.658363937490321405e+00
1.925490060995571184e+00 -2.345600321301390068e+00
-8.134681789360911353e-01 1.045027599612240010e+00
2.759721919023832015e-01 -1.141392740588401011e+00
6.040784616152450326e-01 3.066624137954931939e-02
3.125943509598982928e-02 -1.067180702264749925e+00
2.480216585872994983e+00 4.785842495543874975e-01
1.141582156125650727e+00 6.096814976235691574e-01
-1.576317705158089666e+00 1.288272936178088912e+00
-1.966612935534612916e+00 -4.537745750621979823e-02
-1.261731272278666438e+00 -1.408492680097879202e+00
-7.076388277619116707e-01 8.153007246801280417e-01
-9.818087679539138080e-01 1.286812426892538497e-01
1.437657335782205337e-01 -7.983829412214618060e-01
1.796134528807328934e+00 -6.557166009779393789e-01
-1.783287070306187161e+00 2.274270629358454698e+00
-1.054118508532610576e+00 -2.314958866104461777e-01
8.142460017500070535e-01 -1.402353970794138149e+00
-2.153573526290529117e+00 -1.126494682363045285e+00
-4.711595116016269458e-01 -1.754348852166003780e+00
3.734374660729457673e+00 -1.938761683236862154e+00
-8.589984872760396684e-01 1.879304369003875763e-01
7.191893828075990314e-01 -1.943317673714773264e+00
-1.820002882333028538e+00 -2.770988491423395317e+00
1.393877303348745045e-01 1.190590549613261828e-01
6.560903171146037494e-01 -2.322305658508412307e-01
8.393340884922508849e-01 -1.987607378164284455e+00
4.523055571251006768e-01 -8.688723118668804091e-01
-1.661966826935440622e+00 -2.167320755138916866e+00
-2.469865402513278241e-01 -2.265103942887662924e-01
-1.965256619558658713e+00 -3.605860729476262350e-01
1.023263668520485226e+00 -7.181841475048713619e-01
8.652975440240879834e-01 -1.411088597851630766e+00
6.253573076602378933e-01 -1.259705288076702345e+00
-1.132733384838502388e-01 -9.204441384861183906e-01
7.733664559918906889e-02 2.314194512623330979e-01
1.313784440873860149e+00 1.134892164378243251e+00
2.961757852970094973e+00 -2.052972701051658078e+00
5.761346147050971922e-01 -8.662293394327207352e-01
2.417157217151270743e+00 -1.178960115138124820e+00
9.706148771037987899e-01 2.869472357738231949e-01
2.262050974741214304e-01 8.899194840232667048e-01
3.457987753055476787e+00 1.356898124635563363e+00
7.771507377315174381e-01 -2.356366915302260168e+00
3.091354655939085205e+00 -8.907488226132045384e-01
7.651285594592991401e-01 -3.115408889186255692e+00
3.155929233530059719e+00 -1.705891680886338690e+00
3.128397136882881568e+00 2.008453601873156913e-01
8.891051901631854548e-01 -1.078574222319730325e+00
2.417098226735788558e+00 -1.165709311725549924e+00
1.783526948332564643e+00 -7.244829084938828601e-01
1.659194953519545379e+00 1.316900111058657785e+00
1.258217421692279459e+00 -3.931085372141751577e-01
2.857364079173294158e+00 -7.730752313116227015e-01
2.249390505954806940e+00 -8.375966445144058525e-01
9.977434201982759987e-01 -1.520851340440913191e+00
1.120640853133636483e+00 6.676239888445252291e-01
2.807315844630466017e+00 -1.412257996421431017e+00
-1.464187484244575899e+00 2.445218432285400922e-03
2.339195972861944028e+00 1.129160357077125809e+00
2.185091990839509890e+00 -8.076185143377188069e-01
-6.389396529939403990e-01 2.000084635659035825e+00
2.459656717612233479e+00 1.080084639932010759e+00
6.338170872495538788e-01 -2.855747314888162691e+00
1.097601823602190052e+00 -3.874625596672558459e-01
-1.753450144660746446e-01 1.537828614987120091e+00
-2.367114501100559210e+00 -2.113417158736410784e+00
-2.704679652644699672e+00 3.787036661274214566e-01
7.418103569575578149e-01 5.961465179348124366e-01
1.676039272279012948e-01 -1.577979333359017744e+00
-2.184780345542094437e-01 2.091416406910070691e+00
2.200556603935410749e+00 1.250868968159693395e+00
-1.063394647153472761e+00 -1.840027797402399301e+00
9.870269838365857140e-01 -9.925647930772356631e-01
2.577515140536434046e+00 -2.673798624909068167e+00
-2.946965618373269535e-01 1.806887365331476758e+00
-2.868023607443319634e-01 -9.242824657120536358e-01
-1.865136686656569509e+00 4.790003511061513564e-02
-2.604536256289975427e-01 -8.598527417653940574e-01
-6.509572382401529467e-02 1.857944549594321870e+00
-6.579738536399872828e-01 -5.263137431229552021e-01
7.632898804717740404e-01 9.132869909581131651e-01
-1.326397924210255042e+00 -6.143030933267823457e-02
2.108532199403725826e+00 1.473095481284872221e+00
9.414317435630437103e-02 -2.012790914885954408e+00
1.130045103839165677e-01 -1.520912376238356956e-01
-6.859093808254783653e-01 -3.817499291540116246e-01
1.576507463096277206e-01 -1.933507612387984409e+00
-1.076930070812693430e+00 -1.050841667817621783e+00
5.117782699908275390e-01 -6.327334177913144231e-01
1.435756808616588387e+00 -1.947607636632710637e+00
-5.844013171667938877e-01 1.363093487219430244e+00
7.262819767706787388e-01 -1.189813274935772824e+00
-1.735428945185503835e+00 1.507005941739407717e-01
4.258378282783610302e-01 -2.135752497525572835e+00
-1.273001742506949086e+00 -2.175761366197548341e-02
1.808466738972782650e+00 -3.553363806531706359e-01
-1.039248087533223952e+00 -9.065376459020626498e-01
3.581739729306718800e-01 -8.156441779774468159e-01
1.359169055675693016e+00 -1.673447815910549252e-01
1.636723797249942436e+00 -1.129708985855359060e+00
7.041852252032185788e-01 -1.168652913432651985e+00
1.612163166100913259e+00 -1.597330364036224637e-01
6.992271080634964164e-01 6.269538274925707810e-01
-1.427938664909561339e+00 1.953964240944969788e-01
-3.672897805327011156e-01 -8.130597693216259358e-01
2.679944846477724241e+00 -5.003522790170109147e+00
1.605045943705931677e+00 -6.449434415941368570e-01
2.971291778148952289e-01 -1.923733567451563431e+00
2.344735117889740650e+00 -1.657985399762765155e+00
-1.822134721009661007e+00 -3.074372348578435776e-02
1.001191978807128180e+00 -1.971805091044871006e+00
1.695771071293165733e+00 -2.015045861780777159e+00
8.898493975198107364e-01 1.626187641485557833e+00
1.695653819925155403e+00 -1.420026931631923617e+00
1.540696627400848229e-01 8.351299641453806544e-01
2.592625600662358920e+00 -8.944341831670499232e-01
-1.036634030488926328e+00 -2.131478341800857379e+00
1.830956850429743099e+00 2.133230632002664606e+00
7.486849238025570230e-01 2.615054934356066951e-01
3.414670436173537382e+00 1.886614017083047656e+00
3.364669308760767308e+00 1.617736384982435993e+00
-4.159543723590104491e-01 -5.410533988918757586e-01
-1.426884566599710524e+00 -4.779031702469183074e-01
8.776230925089123502e-01 7.242332750092828064e-01
1.513260571705686175e+00 8.422897013151668943e-01
-7.423467427038303867e-01 4.948279092498211185e-01
1.315448286809441925e+00 -1.521933068991529581e+00
-3.743938602003709093e-01 -1.653340337525150971e+00
9.734591878655010078e-01 -4.574683585024104104e-01
-1.132062174946440791e+00 1.719049205791179702e+00
-1.100506411260084860e+00 1.007136830032322905e+00
-1.240428253363916156e+00 1.472725938001076429e+00
-1.069612893977591739e+00 -1.884414034648216330e-01
9.967078705060430366e-01 -1.880385387047851964e+00
7.574837966992618021e-01 -1.016570294900702720e-01
2.307653505099551694e+00 4.434730969669544720e-01
