2.005550504594793892e+00 3.397202297319381614e-01
3.301376102483118302e+00 1.481562320409466338e+00
5.874975815713696647e-01 6.203514199928577000e-01
2.014002913610966061e+00 -1.687715724962799868e+00
2.588434260044579105e+00 -4.677104536422120873e-01
3.747241484406004020e+00 7.397510432128910907e-01
-9.404892054476476915e-02 6.367148417270982463e-01
1.777669571561091288e+00 -1.774631270766803937e+00
3.574086441117287904e-01 4.734364757109688071e-01
7.977125516495107149e-01 9.231863332270222600e-01
1.155434259543369535e+00 -9.567792333623401646e-01
-2.131910926361570091e+00 -9.178342767481808551e-01
8.671036161769052342e-01 -1.010088664840395722e+00
5.386729269535862841e+00 -1.053393437369095409e+00
5.438049260572370258e+00 7.089962035970529541e-01
2.358795022955746390e+00 8.468991903646383435e-01
2.479255750321499363e+00 3.520650387684327143e+00
2.187378635271358007e+00 4.160028116639750806e+00
1.438218608080205740e+00 1.221377541465699323e+00
4.248980015931920207e-01 -2.048367996458182461e-01
3.740528852653369540e+00 1.173667539324469544e+00
5.318887718608493742e-01 3.469237358223836054e+00
2.046998224273011147e+00 3.743951344022207195e+00
3.067315441395294329e+00 2.273128786371671595e+00
-2.300314442954686456e+00 4.245875759397904403e+00
-1.097571571077878616e+00 3.477761636264474987e+00
-2.849055319687977317e+00 1.229076452701519884e+00
-3.500596270723690395e+00 3.265525514842806842e+00
-2.088759729580146995e+00 1.607526762252746266e+00
4.318056224783504149e-01 5.959632447584226611e-01
-2.634664638595495489e+00 2.584180258786091144e+00
-1.577302676011498761e+00 2.821076824699957797e+00
-3.681766034424072132e-01 2.181894612000746747e+00
2.519447336093207923e-01 2.194295888156375440e+00
-1.531390678167696251e+00 1.660764903339440934e+00
-1.033760501900360396e-01 1.215081215039390372e+00
-1.546043868002072941e+00 1.124301492473023245e-02
-3.150740109922480769e+00 2.532802576356516511e-01
6.473539542166690808e-01 1.287777070824631664e+00
-1.180989758394844102e+00 1.002521885971873417e+00
-1.587544208735721440e+00 4.204680734155772370e-01
-1.299273575843471917e+00 -8.255148011730852886e-01
-1.145662033916323708e+00 3.336105282794505911e-01
-2.513522109471978183e+00 1.238238536718199612e+00
-3.530719745508577034e+00 5.277620876995570143e-01
-1.083644908082533220e+00 -1.486473642803559869e+00
-1.198548650212160283e+00 -2.837002880096406443e-01
6.425489327318700816e-01 1.654937431057589947e+00
3.863221279650588258e-01 5.747440976970210613e-01
5.394769064302522565e-01 -2.919065422138373833e-01
6.268242135583932395e-01 -1.697118194520726320e+00
9.252334846187295625e-01 -5.634538935537420912e-01
-6.828892909052228788e-01 1.398794792383341701e+00
1.369094009749503016e+00 -4.608540631206778926e-01
-6.017611977745218610e-01 -2.800685461902503448e-01
-5.342700594974303385e-02 -1.381956236804853688e+00
1.028268267403404934e+00 -1.184820626521286613e+00
1.600886513484056195e+00 -1.714810577404932701e+00
-4.243605800666045980e-01 -1.218873267229696467e-01
2.490428340149264841e+00 1.349131110061080108e+00
2.793987659055346739e+00 2.296445724689306189e+00
3.531806549241309767e-01 1.519799445082753664e+00
-3.167704893012341927e-01 2.858553738636743446e+00
1.808938098621865720e+00 7.068619133610809513e-01
2.408588498783842624e+00 1.472495348141819704e+00
5.809656902529241052e-01 -1.371968583221132576e-01
3.184363228374536448e+00 -4.297700780874720294e-01
2.268564887582215306e+00 2.043240421717200661e+00
7.142743052422702021e-01 1.721854034718489856e+00
1.898308042767439474e+00 6.072742071430184296e+00
3.136291925159412131e+00 6.619439205713433694e+00
1.369609400551325962e+00 2.259137060823974252e+00
3.529078952129793834e+00 5.585707005825497617e-01
2.828080500347368798e+00 3.456796563998977945e+00
1.714455076625199581e+00 1.541415688484590873e+00
2.635471342969331943e+00 4.498173510836750211e+00
1.084148993945746042e-01 1.759105178989102569e+00
1.973089759916547337e+00 4.460486817327989684e+00
1.603523332170880167e+00 4.559328621410713822e+00
2.253859010122596374e-01 5.686901405620574224e+00
-2.158480193875220721e-01 3.423519243895498221e+00
3.327819976280466108e-02 5.432214900753024267e+00
-2.420644110416105832e-01 4.383310179973705090e+00
1.146726471433794359e+00 3.420044399342259567e+00
-1.613183630319099393e+00 3.981242246324200096e+00
-5.003093048501341400e-01 4.404013553033337303e+00
2.808116285668802448e-01 4.057507975396219990e+00
-8.315480656892759725e-01 4.144126884857541882e+00
9.947009717329819978e-01 9.173288921356288483e-01
-1.723783907762481249e+00 5.078316681987416814e+00
-2.422303252200890711e+00 3.838879612288110366e+00
-2.499135964109768793e+00 2.703784897247714980e+00
9.968785864939491148e-01 1.815862639415627200e+00
1.445344671923521673e+00 3.143481064607840381e+00
-1.536987224799304386e+00 5.596477723292991868e+00
-2.403086175276257563e+00 1.121946290446885541e+00
-8.066103675100748660e-01 2.930142910934364409e+00
-2.509435427477455960e+00 7.353227188059463515e-01
-2.155378714198604939e+00 2.687952373129519401e+00
-1.016626121225158386e+00 2.241994018108925957e-01
-2.498306771904026391e-01 -4.092567973157201777e-01
2.013703201431326306e+00 -5.081700241116777761e-01
1.419813562515059857e+00 -8.893509547706344165e-01
1.041855159872739023e+00 5.654944545221951557e-02
3.368139741515733476e+00 2.023417629848154320e-01
-1.122670780573571392e+00 1.315054028009399190e-02
1.284961612054758007e+00 -4.108518642685794475e-01
-2.418367696154746227e-01 -1.223188259667949751e+00
2.797367598371693020e+00 3.672700888853114520e+00
9.522990531186223961e-01 5.054993488217291997e-01
1.644384695496910354e+00 -1.838154764609498670e-01
1.790886788005536800e+00 2.042377948285320599e+00
2.091532140243771209e+00 1.237235134944967285e-01
4.924369176627806155e+00 -5.877925197501099319e-02
3.449283256587477808e+00 5.524452034792375343e-01
4.177989085334047559e+00 -4.067247377054172830e-02
3.201127368677134655e+00 1.781083510820849369e+00
3.228738930885128866e+00 3.939427501210502669e+00
2.027404738751556579e+00 1.329693596337165218e+00
2.605364041062784963e+00 7.583958082100252795e-01
2.996589236946419987e+00 2.543834876456116945e+00
3.072941583463034476e+00 4.917792623515197192e+00
-1.414496145471275668e+00 3.665688137053166429e+00
9.248447328265001488e-01 2.382137770998667747e+00
4.521450195021770924e+00 3.492021911901474596e+00
-2.351807946799979732e-01 1.680479949669006601e+00
4.764078302374628038e+00 5.889342107775235036e+00
2.286913969742727204e+00 7.092279109851915564e+00
-1.162841422411474923e+00 2.536069306114768551e+00
2.138110230823713209e-01 3.469309933553631708e+00
-2.645135397689955425e+00 5.580463976179089514e+00
4.178442300881215488e-01 4.573735795716402208e+00
1.688710866299061308e+00 2.604016538533414860e+00
-3.294331074258138869e+00 3.197385490937449504e+00
-3.014693325215034747e+00 4.581156265541721950e+00
-3.996957192548507010e-01 1.400112718468562889e+00
-5.489185090496562225e-01 2.778549668565167607e+00
-8.393499901749237324e-01 3.283012891556154500e+00
2.279551395067755948e+00 4.123308565418483340e+00
8.354013532152748667e-02 4.215730408455556244e+00
-2.139012594141718182e-01 2.781549058330710977e+00
-2.320307720766322745e+00 3.726759476627194090e+00
-1.814799347558619047e+00 2.519112518352812913e+00
-2.595198180911438612e+00 1.543383067533795838e+00
-1.121080279091984266e+00 2.120000376618918381e+00
-3.382776738562824903e-01 1.470187210395977218e+00
-1.903885392146094091e+00 3.925642128553874954e+00
-3.756728327217842889e+00 2.331512905240174405e+00
-2.337858446555401315e+00 -1.093679045905446401e+00
-2.343348197367049579e+00 8.954005739497006289e-01
-7.578866902478011980e-01 6.239753168495099089e-01
-3.477574629960145103e-01 -9.751431747977221676e-01
8.821681499870805965e-01 1.573591427538076459e+00
-9.727127118112548487e-01 3.932183002025340102e-01
-1.619547760053592356e+00 2.675860746636317344e+00
1.749191954058915144e-01 1.573207695718338073e+00
-2.169407304336800735e+00 -8.556636616613104707e-01
1.464844543488652562e+00 -6.647636096395217464e-01
-7.268804364503012039e-02 -1.371438863744060654e+00
-4.684003737625062058e-01 -1.485124551880289800e+00
-2.809106776658154558e-01 -1.398520467489561270e+00
-3.755734486364872282e-01 2.854258965144254034e+00
3.019253976551965479e-01 -1.779533780745623517e-01
1.107644086669097305e-01 4.807077567143096530e-01
-1.975676876281795558e-01 -1.549515238694539221e+00
2.401183752019278472e+00 -1.424541356935151271e+00
4.021636800734768258e+00 -2.267977189437260677e+00
1.981478516420338565e-01 1.436731970076152720e-01
-1.521697300114738027e+00 2.038102992983112927e+00
-2.245797712909279653e+00 7.854663184898527106e-01
-4.410779971831289004e-01 1.308213904274452943e+00
1.696776112979478057e+00 2.724062588540618890e-01
-5.981962323478455801e-01 2.115378452585900959e-01
2.095023937911719258e+00 1.678510382425884018e-01
2.526338153185179181e+00 -4.809727033193667012e-01
3.261434642950916896e+00 1.851970885998525773e+00
1.695882902227822342e+00 -2.751018670712255698e+00
2.198342804645164961e+00 7.460165465288355335e-01
4.792276035444956506e+00 -4.116220778296337812e-01
1.593356807853524515e+00 -9.648322906059547677e-01
4.415289459780979087e+00 7.178039799869111448e-01
4.039296218894833146e+00 3.225170319202334213e+00
-1.038602559696528260e+00 1.508690561837283894e+00
1.530549024048013962e+00 2.046021373627809226e+00
2.747090305092342533e+00 5.208477710534680227e-01
2.769091567158028511e+00 3.680797210741729941e+00
1.621345544813266315e+00 1.747015114578061912e+00
6.946941867827263195e-01 3.613512539973271487e+00
3.349352744745601740e+00 1.192541467675823696e+00
1.532478999940394715e+00 3.539928377165779239e+00
5.676789760791507433e-01 4.408234946738048166e+00
2.412400121556856902e-01 3.271507743482061414e+00
3.364021342504202039e+00 3.629637450885638827e+00
1.404337479486684970e+00 7.553352254430592438e+00
-7.229392323638421658e-01 3.610740635273032240e+00
-2.101181689869918046e+00 5.198360100266427253e+00
3.379525210687006620e-02 4.887670342470755713e+00
2.296764434525698562e+00 4.426347169434421858e+00
-1.879964847917108273e-01 3.104966889309707767e+00
1.990946500908648886e+00 2.082765719330382126e+00
-2.824231436057743849e+00 5.947941123669352237e+00
-1.777926862383253592e+00 4.900841381062946311e+00
2.155115818848685194e-01 1.939565693396332335e+00
5.560592563506361330e-02 1.477206720497520109e+00
-3.077177357668006152e-01 4.802471962575509679e-01
1.488847863069167943e+00 2.039334389824034588e+00
-5.688015230759901897e-01 1.606124987091789080e+00
-1.143330369920477096e+00 1.751017425013742468e+00
-3.888454192779136065e-01 5.500846705099320388e-01
-2.698297011002068757e-01 1.077355064242055960e+00
-1.217604581118848728e+00 1.440617503822068102e-01
1.406209281244770182e-01 1.518122819508562316e+00
4.267586046387350507e-01 -7.541956862965975006e-01
-1.506457091084485000e+00 -6.843213800270859792e-01
-2.704481020185994566e+00 1.125471663246571552e+00
-8.909552374404938746e-01 -3.288273590801509272e-01
-7.154014182269747835e-01 -1.607122839219996990e+00
6.741419211334687134e-02 7.339291307536086606e-01
-1.619400625480011513e+00 2.164276738248190668e+00
-2.267357922859218888e-01 9.336106641621881863e-01
-2.157326346045920218e-01 -2.997565024870709749e-01
-1.760514533095260958e+00 2.140316637446630921e-01
9.494089349650494114e-01 3.465245439208501921e-01
-2.304683868405845715e-01 -6.944650391689037860e-01
3.393208130728453398e+00 -2.702175605650154466e+00
1.817882116114560631e+00 3.884875530984572833e-01
1.315245595014289393e+00 -1.891738539245125139e+00
-7.168741947307353257e-01 -1.140373302710031567e-01
6.438114766144735768e-01 -4.319788514380888955e-01
6.021015412822521284e-01 -1.721720127291519020e+00
2.973490867173723018e+00 -6.277938169005210511e-01
-2.953069038085232023e-02 9.106380542452825466e-01
2.817272797938130680e+00 9.632960855060446193e-01
2.638372018568588828e+00 1.081374365761007539e-01
1.421587317288413033e+00 7.738006229556049220e-02
1.275945926885469817e+00 -7.342012439708014426e-01
1.611278877333916171e+00 2.473542516869997598e-01
2.004992041982404771e+00 1.075401087211503182e+00
3.019619095441157697e+00 3.141266641358924971e+00
3.148024668840378126e+00 2.957706419750820714e+00
2.933827388465033437e+00 -4.485565384101164454e-01
2.112176335001549887e+00 3.215679977219224384e+00
1.923126840771885782e+00 4.042424009343221769e+00
6.151258848378802213e-01 3.332490448633507185e+00
1.726585713736199068e+00 4.732088927064069139e+00
-2.845496687227750954e-01 2.650072217938031827e+00
1.568302084212518821e+00 5.016103886058772332e+00
4.077207601806549064e+00 2.781405625574848273e+00
4.285132882924244768e+00 4.842587022465522750e+00
4.920703888558364270e-01 4.132841991136956494e+00
2.116477916276835458e-01 2.598577631316061343e+00
1.140250400956574595e+00 5.852595660486258566e+00
-2.530002594452525955e+00 5.695926567062087997e+00
-1.897461805920102051e+00 3.849271257070540742e+00
-4.198851942418514227e+00 1.339578927469801783e+00
-1.200395713575744594e+00 3.602123483161221884e+00
-4.702860740758296743e-01 4.592144835978615447e+00
-1.911648754820816976e+00 2.889233623949849061e+00
