-1.706207284393303780e+01 2.068535001032614673e+00
-2.747544301952189016e+01 4.269167838352586841e+00
-4.438019793092962573e+01 7.540078709230328968e+00
-5.290894466799818474e+01 1.458944477844306675e+01
-7.273751605424126865e+01 1.487762391393152939e+01
-8.527879839893115843e+01 1.826506202989435224e+01
-1.006342010563148506e+02 1.896133278251181764e+01
-1.143103908002881326e+02 2.431572143990388213e+01
-1.307542443658564935e+02 2.084650812290215072e+01
-1.435595158218766301e+02 2.531732486258908921e+01
-1.590061856061229264e+02 2.648567134059294403e+01
-1.708173794568083395e+02 3.041274015491080718e+01
-1.895641292554148549e+02 3.015962297711485007e+01
-2.060203556814784633e+02 3.177146975851155730e+01
-2.205148593899148182e+02 3.165362534509313264e+01
-2.330936713966513025e+02 3.300211426227770062e+01
-2.474070593789119812e+02 3.628508278180652269e+01
-2.641560157560670632e+02 3.646326380594382499e+01
-2.766645731009812152e+02 3.654165960147656733e+01
-2.921611267815148949e+02 3.510403635964030400e+01
-3.069255626582333889e+02 3.357379398036482598e+01
-3.233951389978597035e+02 3.158555255012970520e+01
-3.395957712316239849e+02 3.399792902593799226e+01
-3.522398016631086648e+02 3.298307090731759672e+01
-3.684916033911231352e+02 3.206947621875588084e+01
-3.859762882717003549e+02 3.084962531028577359e+01
-3.995375471115903565e+02 2.811566588762661922e+01
-4.164932983539374618e+02 2.431231058483581364e+01
-4.290608046775805633e+02 2.213716228748489812e+01
-4.443894732468315851e+02 2.279653459339443344e+01
-4.612909875263949289e+02 2.247773744247707128e+01
-4.746290588881715848e+02 2.158035908068109165e+01
-4.938013349124403248e+02 1.536457025685695044e+01
-5.065494460364847669e+02 1.234327145774477685e+01
-5.225855432247660701e+02 8.631786339989048429e+00
-5.393818191406351161e+02 4.757729524470050819e+00
-5.542504433857393451e+02 2.782503164754757563e+00
-5.706152751793129028e+02 1.931047751570758919e+00
-5.862444139972403718e+02 -3.934730229409069580e+00
-5.999388874092271635e+02 -9.947786180288403557e+00
-6.165617701329501870e+02 -1.401695133982229891e+01
-6.314046322493295520e+02 -2.155471201593530850e+01
-6.472422913736627379e+02 -2.391793889395103179e+01
-6.642407918473163591e+02 -2.755923996027388512e+01
-6.803498147248815258e+02 -3.324090484584132810e+01
-6.933579121294942524e+02 -3.636112134590501910e+01
-7.090056418930716973e+02 -4.405890837550236938e+01
-7.243044934175403569e+02 -5.143042206825703033e+01
-7.398328834341436959e+02 -5.292292852955370108e+01
-7.547447877118622728e+02 -5.897361352786811040e+01
-7.709411282259679865e+02 -6.749235403773809594e+01
-7.904774342330031232e+02 -7.463868444194486074e+01
-8.028608178015565500e+02 -7.848916861762199915e+01
-8.195783820793521954e+02 -8.959646404862724012e+01
-8.332361050772542512e+02 -9.603273567036239911e+01
-8.489519031693926081e+02 -9.935906162396986474e+01
-8.631450745544639176e+02 -1.057639068388996293e+02
-8.787929330082697561e+02 -1.157442945279685773e+02
-8.940995297891253131e+02 -1.264604485354707322e+02
-9.080128730678233069e+02 -1.325293948956139047e+02
-9.217118334062090526e+02 -1.413955303387465392e+02
-9.422210002676738441e+02 -1.461022890553654179e+02
-9.541760323326664093e+02 -1.552584376665281525e+02
-9.707787482690775960e+02 -1.653361631919628962e+02
-9.877028423076312720e+02 -1.738607383059552376e+02
-9.989342059253806383e+02 -1.835043468530870996e+02
-1.013710235256867577e+03 -1.960890233156342219e+02
-1.028696465541390808e+03 -2.024800718379724458e+02
-1.042682906467729936e+03 -2.113800473902663271e+02
-1.061590056825880310e+03 -2.202798585621494567e+02
-1.075613140339080473e+03 -2.289228752882931985e+02
-1.086968435950928324e+03 -2.408451106314569756e+02
-1.103147320779387883e+03 -2.526334342320269570e+02
-1.117376037807530338e+03 -2.629402985431958086e+02
-1.129570097031960358e+03 -2.736375535660345122e+02
-1.143673608306422921e+03 -2.843714885130361836e+02
-1.159085622313671820e+03 -2.954786566639259036e+02
-1.177314402246205191e+03 -3.060992579538260543e+02
-1.185221707948198173e+03 -3.202770631780690564e+02
-1.202285967805711152e+03 -3.323970884690530738e+02
-1.214661042259383976e+03 -3.445094086354882847e+02
-1.226034451643838111e+03 -3.514420256321836860e+02
-1.242184881075634621e+03 -3.631422966077770980e+02
-1.256243534516415821e+03 -3.770307878636806436e+02
-1.271067104185462995e+03 -3.918084297833984238e+02
-1.284040376393808401e+03 -4.035188881719586789e+02
-1.296430279924577917e+03 -4.167237907367607477e+02
-1.308187322536079137e+03 -4.264392408627847999e+02
-1.325964823824766199e+03 -4.394322212735678477e+02
-1.334900682835778980e+03 -4.509727497955318540e+02
-1.345398865412666055e+03 -4.636883454927773300e+02
-1.362507655705121579e+03 -4.796662252057385558e+02
-1.372121424009412522e+03 -4.932573013140654439e+02
-1.387997505592072230e+03 -5.077336521017823543e+02
-1.399474360538859855e+03 -5.174397288287912033e+02
-1.412624486025352553e+03 -5.303151212418086971e+02
-1.421340108099210738e+03 -5.477616357189298242e+02
-1.436445222038228167e+03 -5.622729112463575802e+02
-1.447236863311339903e+03 -5.761642133994901087e+02
-1.457717571924807999e+03 -5.911475604509544155e+02
-1.468765767633710993e+03 -6.054340876781517409e+02
-1.479978106367341752e+03 -6.187186100033543426e+02
-1.495363892983042888e+03 -6.348407955776683593e+02
-1.506007465151748420e+03 -6.499178680754066590e+02
-1.515286015387144289e+03 -6.676554910520926569e+02
-1.526421497527809606e+03 -6.827723503865274779e+02
-1.540927872574785624e+03 -6.940261311951533116e+02
-1.549206728496782034e+03 -7.087929745394803831e+02
-1.561182506308447955e+03 -7.251897793889393142e+02
-1.571472088717915085e+03 -7.414714677942515664e+02
-1.582204387163162664e+03 -7.570338347084846191e+02
-1.589304450683657706e+03 -7.741218233192237221e+02
-1.599470650986409737e+03 -7.873584062683980846e+02
-1.611778111636178437e+03 -8.045546959050184341e+02
-1.622500694279080562e+03 -8.189668909749416343e+02
-1.632982767966493611e+03 -8.363376052967594205e+02
-1.639753479193072963e+03 -8.545383050789496338e+02
-1.653406659870394833e+03 -8.732253891101363479e+02
-1.656364156290397887e+03 -8.865791714712954672e+02
-1.670111500436979441e+03 -9.017674847339985718e+02
-1.758126794040273580e+03 -1.091459657357215292e+03
-1.764568519411657917e+03 -1.107378786875203787e+03
-1.773504177611283467e+03 -1.123089235429911696e+03
-1.778225000796256609e+03 -1.139499250273024700e+03
-1.788089598255184001e+03 -1.159143433130653648e+03
-1.791960460834546666e+03 -1.178139198078440131e+03
-1.800190714131802451e+03 -1.195257138024020605e+03
-1.806730239125569369e+03 -1.211474637280025490e+03
-1.816517509905377437e+03 -1.229278270407494574e+03
-1.819916779393904790e+03 -1.243972591356102157e+03
-1.825276615396379839e+03 -1.263261169505333100e+03
-1.830326379105830711e+03 -1.281351022497015720e+03
-1.834364644063736250e+03 -1.299148137535087244e+03
-1.841658538998124186e+03 -1.318858975046826345e+03
-1.846113384674180679e+03 -1.336068554672953724e+03
-1.850128922838840481e+03 -1.353166517548503634e+03
-1.858418055864896360e+03 -1.372377424466495995e+03
-1.862342401453782941e+03 -1.386554502246905031e+03
-1.864363455599493136e+03 -1.408298302313570275e+03
-1.870312413316454695e+03 -1.424703151177279778e+03
-1.871012304252021295e+03 -1.442119336218578610e+03
-1.876661532433030516e+03 -1.459130827640324924e+03
-1.883386276401830401e+03 -1.476900306721665629e+03
-1.887399577855572716e+03 -1.494714904246952301e+03
-1.888697695984433267e+03 -1.513264087706899545e+03
-1.891908749207778783e+03 -1.533512428473675755e+03
-1.895403847555694256e+03 -1.550160017264429371e+03
-1.898479196995235725e+03 -1.563850049570410647e+03
-1.901051408792468010e+03 -1.584709624159152099e+03
-1.903842552363980985e+03 -1.601268897419598034e+03
-1.909174281913461073e+03 -1.620392481736408627e+03
-1.908844943510416670e+03 -1.641589222267295099e+03
-1.911336248216608055e+03 -1.658149506631411668e+03
-1.912644328940997639e+03 -1.672232899958827147e+03
-1.915104278868924666e+03 -1.690289681713747996e+03
-1.917566265974122643e+03 -1.707463646405620693e+03
-1.918601909920822436e+03 -1.723783517578720421e+03
-1.919051639310145674e+03 -1.743551456964549288e+03
-1.919286944105939938e+03 -1.763365006932587676e+03
-1.921189297377668709e+03 -1.778765335055868036e+03
-1.922743563342540710e+03 -1.796065585064480274e+03
-1.921804741028052604e+03 -1.810862912968313594e+03
-1.923639441186234080e+03 -1.834258643014533845e+03
-1.923732132223813096e+03 -1.848460709844865960e+03
-1.923811366063960804e+03 -1.865833919956200134e+03
-1.924383614381985353e+03 -1.885055963996385344e+03
-1.923568554162721739e+03 -1.899991359320571064e+03
-1.922042210675863771e+03 -1.918474711377989479e+03
-1.920667912035361951e+03 -1.932943364029958502e+03
-1.922448317992191278e+03 -1.950022412235065758e+03
-1.920677379888314817e+03 -1.968577774675801038e+03
-1.918334779054160663e+03 -1.988182551501912258e+03
-1.915924358990039991e+03 -2.001866435692102641e+03
-1.916012795600723848e+03 -2.019335292497560886e+03
-1.914446535383211994e+03 -2.035185951148589311e+03
-1.912911722825895367e+03 -2.053271688072102734e+03
-1.911879322671130467e+03 -2.069536294061362696e+03
-1.910741949661299259e+03 -2.086149264538145417e+03
-1.907160417127056462e+03 -2.102773382456111449e+03
-1.906537419021036385e+03 -2.117658846904647362e+03
-1.902848887956015915e+03 -2.130159348893564584e+03
-1.899198634998958596e+03 -2.149586740219092917e+03
-1.898667981183016764e+03 -2.168252049065728897e+03
-1.894404520172085995e+03 -2.186476843416509382e+03
-1.890701125088142362e+03 -2.202174710797321495e+03
-1.888972627623172457e+03 -2.214125836501965750e+03
-1.881689873982318204e+03 -2.227919014204542691e+03
-1.881468881488829993e+03 -2.248500255320417637e+03
-1.876914145003260273e+03 -2.263271373464425324e+03
-1.873030596302521417e+03 -2.279091237418440414e+03
-1.869919004254994434e+03 -2.294997493314322128e+03
-1.811485108669789042e+03 -2.453624650020432455e+03
-1.812635366428780344e+03 -2.471037636426182871e+03
-1.798474672759379700e+03 -2.484636997741734376e+03
-1.798328219404350421e+03 -2.497576090291814580e+03
-1.790980950795504214e+03 -2.511308292734654515e+03
-1.787097455591466996e+03 -2.525412111336167527e+03
-1.778750970083590119e+03 -2.538004839640026148e+03
-1.768833626424042450e+03 -2.551376926297964928e+03
-1.763829921576666493e+03 -2.565246053063684940e+03
-1.756510193254786827e+03 -2.580280877283294558e+03
-1.750144661328304210e+03 -2.591438485985949228e+03
-1.741731959860308962e+03 -2.603096739049625285e+03
-1.736475909046356719e+03 -2.614658544845678989e+03
-1.729111860524452823e+03 -2.630161612794346183e+03
-1.719224789256727490e+03 -2.643833406158521029e+03
-1.711961520429924349e+03 -2.655955089830846191e+03
-1.702100977413858345e+03 -2.666475435860844755e+03
-1.694768426697539326e+03 -2.677720357924949894e+03
-1.689681929520463200e+03 -2.689304896299938264e+03
-1.681951162080709764e+03 -2.703578288089549915e+03
-1.670198550544921318e+03 -2.715365034214382831e+03
-1.663023983172887711e+03 -2.730057172928664841e+03
-1.654658509973370201e+03 -2.737844361427974491e+03
-1.649294209103285311e+03 -2.747152695420380041e+03
-1.640830636548339953e+03 -2.759384921650739216e+03
-1.630918556785426517e+03 -2.771126510559549843e+03
-1.621963085310228053e+03 -2.783119148096112440e+03
-1.613027712971503661e+03 -2.793301494105891834e+03
-1.600472216625180636e+03 -2.805484060952427626e+03
-1.593384449441961351e+03 -2.814270971922975150e+03
-1.583593136625415127e+03 -2.821057378518872611e+03
-1.575450685271854582e+03 -2.834471911643212025e+03
-1.564428115992236144e+03 -2.845544401072100754e+03
-1.556905156497348344e+03 -2.853357681716287516e+03
-1.544162785499464917e+03 -2.865985317336481785e+03
-1.533220465330512525e+03 -2.873508657872843287e+03
-1.526443796139210008e+03 -2.883912770126912619e+03
-1.516430057846579984e+03 -2.891522498458555674e+03
-1.503977537285179096e+03 -2.903971235468738087e+03
-1.492886058168908448e+03 -2.914911245141742711e+03
-1.483712105693428384e+03 -2.922278402911173544e+03
-1.471780652830037752e+03 -2.929581085345212159e+03
-1.461155007630242835e+03 -2.937311191751603474e+03
-1.453163367400309426e+03 -2.945598481218272809e+03
-1.441762009809196570e+03 -2.953854008185062412e+03
-1.429615492745445408e+03 -2.964788731293607270e+03
-1.418276546403945986e+03 -2.971179157066015250e+03
-1.407987392927299197e+03 -2.977993142310832809e+03
-1.394742455071349013e+03 -2.986573874779721336e+03
-1.388721176180116800e+03 -2.993542901546325083e+03
-1.376403860313105497e+03 -3.000654858902073101e+03
-1.364745656361919600e+03 -3.007412329631960802e+03
-1.354069300303525324e+03 -3.016550406476359967e+03
-9.943862972781553253e+02 -3.149506714610920881e+03
-9.819089979585501169e+02 -3.153637497942663686e+03
-9.704482098934099668e+02 -3.155043608407335796e+03
-9.541317334914965613e+02 -3.157419516153800487e+03
-9.406375843804122496e+02 -3.159485003637853879e+03
-9.299067194042636402e+02 -3.161164204519858686e+03
-9.137613410440376356e+02 -3.161337847377163143e+03
