-3.069874836385451999e+00 2.271959556839306060e+00
6.782146582177119853e-01 -1.141672825109139922e+00
9.254202139190965681e-01 1.288665619686071295e-01
-8.263432158805699146e-01 1.013892566535560036e+00
-7.262146144266807823e-01 1.026397543437724380e+00
-1.647253165413985698e+00 1.587671014142415515e-01
4.084856032412744753e+00 1.462526325340149924e+00
-2.057430138896961580e+00 7.790357396970648551e-03
9.366183702445596282e-01 5.502678694517726399e-01
1.115332363168164420e+00 -9.170170120479497200e-01
2.029433614582330847e+00 1.594828053428500425e+00
1.333493552988784359e+00 9.259865986095974222e-01
-1.808669000565714668e+00 3.382255137830725289e-01
-1.212932085649526925e+00 5.859941469145724113e-01
-2.621011896439995326e-01 3.068492746060655918e-01
-1.862575823858719559e+00 1.801536225402742275e-01
-4.327467703937713850e+00 -7.695621293464682822e-03
-1.525584486184925481e-01 -8.848848244163036725e-01
-1.527573811316898400e+00 1.399601060741133551e-01
-3.462147777055974984e-01 -1.770666294470515822e+00
-2.450031592390587321e+00 2.466534721307652944e+00
-5.343946669554497930e-01 1.280310504595036036e+00
-1.210109664376886940e+00 -1.949731502872282363e+00
-1.317851564241209417e+00 -1.558015006643245215e+00
-3.459190245707532085e+00 -1.672243841999261349e-01
1.896020834810769884e-01 -4.740900300967041403e-01
1.903647488715250802e+00 -2.191736934219079558e-02
-1.170035989869802506e+00 2.089397219519923965e-01
-2.065899941441330157e+00 -2.018607628317795388e+00
-7.845080025217612274e-01 -1.784880265905030683e+00
-5.143647157092345878e-01 -3.119880405148251157e+00
1.285046693108597538e+00 -1.913602915178444164e+00
-7.026267862338499981e-01 -3.097481847910330544e+00
-4.913355403912191832e-01 -3.078294837542671303e+00
-1.084641875667784916e+00 -1.443941939458682100e+00
1.846323343931544514e+00 1.751923890931152528e+00
3.907934680968310204e-01 -3.448293447238484077e-01
6.668888372605579207e-01 -2.982002892209948186e+00
8.640203590794044430e-01 1.037060651737192529e+00
-1.357509958755599655e+00 -2.227371521245004260e+00
-1.273683434634449441e+00 -1.832973565717566089e-01
-4.297053030943516205e-01 -1.436780931788007365e+00
-2.794225787847608444e-01 -1.069301156220717530e+00
1.429008959730708739e-01 1.458036248555799830e+00
4.504089412216671917e-02 -1.742918064011973911e+00
2.383361560223420383e+00 3.302698088609758997e-01
1.119789627128739085e+00 -6.963144398109761823e-01
-2.547553240048273437e+00 -4.196334620263542092e+00
1.211731368086702787e+00 -3.915668809554517793e-01
7.234310814228592790e-01 1.176817800727121721e+00
-2.057869219584063103e-01 -2.458725361395011078e-01
-7.836187442617301713e-01 -1.605004885778726020e+00
8.051020419190990651e-01 -1.122079759743428440e-01
1.603825496765693970e-01 -3.613045869178677094e-01
1.004825118367989489e+00 -1.369794486281989521e+00
-4.804791229009595099e-01 3.586639222889971279e-01
-7.787905764507740969e-02 -2.024538132606267027e+00
-7.963163698714197380e-01 -3.059690717959711037e-01
1.579107970914265024e+00 1.310248835931588474e+00
-9.241628713610339219e-01 -2.750404537791837356e+00
-1.628507064126551995e+00 1.316450570426468403e+00
-5.072836152621675865e-01 -1.416550459499831049e+00
6.728476680500534712e-01 7.033932909932900657e-01
1.042878213953372324e+00 -4.151385741497506388e-01
-4.349778558917023474e-01 -1.971915374458603765e+00
-1.317596438993859920e-01 1.244099444049425074e+00
2.096404826754678652e+00 1.671112029237065144e+00
-7.801300170676768175e-01 -1.112181954429615871e+00
1.648678793405878196e+00 2.554076437548246759e+00
-3.245523095136633174e+00 3.324405693908261128e-01
-3.415751887674787213e+00 -2.976384932990185916e-01
1.086114901032033231e+00 -3.886273872267338447e-01
-1.195072535773761047e+00 9.253660728245449718e-01
-2.484912198656274995e-01 1.988077082695497211e+00
-1.829457887773742186e+00 -1.041422456407417485e+00
-7.876555664344095931e-01 -2.270478706974472516e-01
3.632730373215053987e-01 3.007448347314493731e+00
2.338640706681417214e+00 -6.055068678872430610e-01
-5.082750765573109675e-01 -5.774342627673831885e-01
-1.437473840913298773e+00 6.465869997823290305e-01
-2.090524409629324509e+00 -2.551688909336235156e+00
5.940566463254981500e-01 -1.690681791027600411e+00
-9.682708665864083741e-01 3.403365018093609251e-01
-8.948833441427268554e-01 -8.572708047729236114e-01
-9.715155977182803326e-01 -5.526433675916450738e+00
-1.524137643895755900e+00 2.148117007373002707e-01
2.048605602672978421e+00 -1.314005922193132392e+00
-8.050501203797466587e-02 -2.721999712904832336e+00
-1.588344123468232283e+00 -2.938355753927680780e+00
-2.205910299265269714e+00 -3.443234892524742463e-01
6.385191199069595314e-02 -2.047725187256219215e+00
-2.187114052488141169e+00 -2.305248918434699590e+00
-4.914582021365276887e-02 -3.325101242028154047e+00
1.159723019395357824e-01 -1.299270958014858479e+00
1.131626438925650291e-01 -1.371561085893972631e+00
-1.087147407544307498e+00 -2.260407068663880636e+00
-5.022481484527361317e-01 -2.155104522998271932e+00
-2.228903767936571967e-01 -2.492570612833333143e+00
2.061622549435924157e-01 -1.473560290920204352e+00
2.966639844000837911e-01 1.104011558812999283e+00
1.209866896696667027e+00 -1.479303371117566712e+00
1.109205716351425508e+00 -8.301524012222216697e-02
-1.966546903972357541e+00 -3.438568542251232429e-01
-2.087129172292407020e+00 -1.022361214204465796e+00
1.256330064530970958e+00 -3.414832190621382324e+00
1.202346535663309623e+00 6.263130680167705577e-01
1.343044766818138669e+00 -1.416745521948541864e+00
-3.279166883603465976e-01 -5.967168136198779393e-01
8.221754524083735305e-01 7.951723733599465049e-01
-1.179713609991722478e+00 1.476710728143643792e+00
8.435009025258750626e-01 -2.240259969569706300e+00
-6.175641072154576250e-01 1.543503136358594929e+00
2.133863423960065120e-01 -3.596383171500974640e+00
-8.078777558719139051e-01 -9.612800382994919346e-01
-7.627692683872737689e-01 -1.979839169857768866e+00
7.246358675911324099e-02 2.681975106426079947e-01
2.687624219615827315e-01 -6.341436120378602936e-01
6.092236883944224246e-02 1.769645026046191560e-01
1.361105329594920477e-01 2.129266561582880968e-01
1.512277895494662516e-01 -7.954431377993387287e-02
-1.887585977378080315e+00 1.140013092330036670e+00
4.901232611791783711e-02 -9.623613041362659715e-01
-4.532177451499137533e+00 -6.486140643255566829e-01
-9.078309232324954792e-01 4.712152712812098798e-01
-5.529804917205183301e-01 -9.586694241643272107e-01
9.333166703195274749e-01 -8.578905152262450429e-02
2.911614846564134496e-01 2.356360394906459987e+00
-2.102456520196938072e-02 5.411550227390762302e-01
3.480599771477500326e+00 6.369318204579030862e-01
-1.240191868942019937e-01 -5.909890432303654961e-02
1.344438937992094907e+00 -1.841336145585046324e-01
1.836971635007557779e+00 -8.818254915759098367e-01
2.118970904301022529e+00 -3.700185755733400583e+00
-8.571338364199618809e-01 1.869469646245534022e-01
9.134832545842073159e-01 7.396717240408179350e-01
-1.053628763217602682e+00 -1.548654608190645376e+00
-2.164130263727201964e+00 -8.750335050090143341e-01
-2.517475606649895781e+00 9.494232877423200989e-01
-2.144968972495917114e+00 1.783647929721610126e+00
-1.969032922224073445e+00 2.793122465004671540e-01
-9.551861493596334185e-01 6.898361055542636677e-01
-1.972452887152940093e+00 8.420163421205870691e-01
-6.466245158323999931e-01 1.420602513986750637e-01
-9.967808101878290472e-01 -2.757535651724538184e+00
7.101420988997233508e-01 5.178306528600984393e-01
-1.174273469145191484e+00 -1.181051550300935560e+00
-3.200364039426816021e+00 9.299611166257477635e-01
-5.231850021158379604e-01 3.024644169377552316e+00
-2.514013506536969089e+00 1.132458054412609272e+00
-2.584047351454046293e+00 4.248287243567574478e-01
-1.217340691726349178e+00 -6.255929844628553838e-01
-1.160362921256819391e+00 -6.542880574852460995e-02
4.839016220239500399e-01 -1.023197325079763687e+00
-1.352642793085578887e+00 -2.275163347706438799e+00
-3.137795952866326843e+00 7.905816174138635688e-02
-1.585248772509658011e+00 5.495083509799769672e-01
-1.409835579263244654e+00 -3.558922739754859066e+00
-4.808314801498454472e-01 7.388217296693255776e-01
-2.546124230188979709e-01 9.230460165481417789e-01
-1.871695906597778958e-01 -5.976965952822865802e-02
2.392489004173512512e-01 2.264931405800325592e+00
-2.045747123702540193e+00 -2.465552160003880999e-01
-1.866058480177798629e+00 -1.287623287282258389e+00
-1.112359150913562189e+00 -2.767739215893925575e+00
3.104162017007183749e-02 -1.829859341969495290e-01
-5.018924398733815906e+00 1.410056559690360700e+00
-5.350240188186035084e-01 -2.384581057974855867e+00
3.889499082379188621e-02 -4.061986130189325195e+00
1.937166180497115420e+00 1.037126392657228280e-02
1.073407548162776948e+00 8.752419262359580898e-01
-9.977570641513011651e-02 2.115439373566232462e-01
-8.220625191711405932e-01 -4.003377731896762270e-02
-1.679883548022189643e-01 -2.874382614216301590e+00
-1.696252445374739182e+00 -1.179154241162905237e+00
1.267368440625659787e+00 -1.277221156352197795e+00
3.239600976700785395e+00 -8.453472273126863001e-01
1.442195649263794621e+00 6.274312943855875346e-01
2.896095720681387320e+00 -5.445690703027139534e-01
2.406767791329912143e+00 -2.082964731807123826e+00
2.198465149822368403e-01 8.970961942773101327e-01
1.389055525739294694e+00 -2.127846408948244061e-01
2.134353426483585281e+00 -1.393308321828953922e+00
-3.358469773365868605e-02 -2.826405036886171729e+00
2.184476910740045241e+00 5.238671693168726051e-01
1.117297207641513523e+00 -1.900353325560445228e+00
3.540187292948530740e+00 9.727419505823604595e-01
-2.541449331367857667e+00 -9.304618996451381463e-01
1.571005564679268218e+00 1.607840316428337246e-01
-4.810207299599369435e-01 3.543504554181708954e-01
-8.461190600882275703e-01 -2.070003805913074757e+00
1.616930901199339132e+00 1.113601363814950673e+00
1.413618228872110194e+00 4.381287634264481312e-01
-2.047436142241849666e+00 -9.186387859485876106e-01
-5.866471656700014137e-01 6.547836910826845269e-01
-2.799801297651072218e-02 -6.630742075958551141e-02
-4.522010791515640449e-02 7.093715370317568158e-01
3.125554841874873091e+00 2.168776710794645624e+00
6.248748700800206279e-01 1.153310033623256459e+00
6.847675389670939694e-01 1.014264712552176206e+00
-1.774351458066121268e+00 -5.477754754246006996e-01
-1.458927434435281612e+00 -2.695631756923148714e+00
3.286454396263252420e+00 -1.794573072380444501e+00
-1.207254688626790085e+00 -6.467634928716705645e-01
2.310364144818777277e-02 -2.097897499797909404e-01
1.651625773680962084e+00 1.534273393112016493e+00
2.101283786219028116e+00 3.858711530374421272e-01
1.928659962905840075e+00 -4.669203898383671003e+00
-2.033654484789167327e+00 -2.077210070195633307e+00
2.300989960113207111e+00 -2.429281983380860765e+00
9.344438870821250021e-01 9.894672402044761839e-01
-1.713092836844225531e-01 -1.929491934624820715e-01
1.304827908983270390e-01 -1.709591722256504909e+00
1.410986602812499768e+00 -8.664647437770724991e-01
-2.146501048482150509e+00 8.259813945805944968e-01
-1.718235649196913073e+00 -1.212782663500547642e+00
4.481953973954659887e-01 -7.954621316375778406e-01
-3.554654893068800448e-01 2.985312653322580445e-02
-9.998776476563762117e-01 1.211304652727449138e+00
1.309538774617976742e+00 2.392211278151535225e+00
2.560273433391557774e-02 -2.415017012083808368e+00
-2.516467126396037202e+00 -9.762151807640293555e-01
-8.557543775298199762e-01 -1.373467682527916622e+00
-5.435130115256470162e-01 -3.741987827702359937e-01
-3.161120438799116528e+00 4.841315543728796911e-02
-1.470054899768911127e+00 7.698276392736715934e-01
-1.364085669484666141e+00 2.129281583712526071e+00
-8.226690046819840063e-01 6.656912329467559175e-01
1.564878299022893771e-01 -2.924462106384453364e-01
1.230591204132451821e+00 -1.136802532231286023e+00
-9.680099639917898457e-01 4.082992423325038089e-01
-1.419435638482354989e+00 5.494359154072299134e-01
-3.712424593570176512e+00 -1.290541343255654283e+00
-1.576075602094533679e+00 -1.204684684549647500e+00
-3.836736802772975352e+00 -2.121982132919583819e+00
-1.216880144452716195e+00 1.088801290880383021e+00
1.768987145532719296e+00 -1.568990190940439788e+00
-2.121933315512251284e+00 5.189910229466931924e-02
9.307017235742023331e-01 -2.964211892596722464e+00
-8.069349161996797193e-02 -1.844160163077503967e+00
-1.965631713484071952e+00 6.027949310805524874e-01
1.598450119523477042e+00 -1.002873717897273309e+00
-1.495814684786040516e+00 -1.782994707452871808e+00
1.100416961786322645e+00 2.051742061439654208e-01
2.008971723294507683e+00 -2.449755962710696622e+00
-1.918848723653354682e-02 -1.599188627290004661e+00
1.059395021757978839e+00 3.017067810710614140e-01
1.287353770521804108e+00 -2.683283425994545723e+00
-6.144413144552345329e-01 -2.604201999039332804e+00
5.301612340970223158e-01 -1.671767785238898796e+00
-2.433389062766764255e+00 -3.791345413551425736e-01
1.073642788647930502e+00 -3.659601720684122483e+00
3.061523707237483904e+00 -1.140212172256724443e+00
1.182621001752409029e+00 -1.041025587018793885e+00
-1.141953759773514321e+00 -1.096325883700046688e-01
2.098228053637285484e-02 -2.170075261232767616e+00
