-2.378669894837912580e+00 -3.108244031786853157e-01
-1.180300990053183341e+00 1.241691734915548295e+00
-5.270375954659414219e-01 1.922633921397391532e+00
4.311028828358303144e-01 2.288486028433680985e+00
-8.344296829732229526e-01 9.987077976222735742e-02
-1.461486365762539208e+00 3.919870469671138835e+00
4.453592948148070718e-01 3.678842292017634463e+00
-1.448147189434763504e+00 4.379017076975515010e+00
-2.860110403427142955e-01 5.452138990670391649e+00
-8.967540803223528201e-02 8.383830585908071953e+00
-7.959155572416420910e-01 6.048696376703674105e+00
9.432580894161901597e-01 6.753557610687380475e+00
1.198319405718393682e+00 9.007203619908977998e+00
1.411805660801974227e+00 8.512463064987969119e+00
2.269052950138075175e+00 7.829027295127161779e+00
1.731650665175038739e+00 9.249209511400749761e+00
-2.851629619008235750e-01 1.587218713954052873e+01
3.260556242559232487e+00 1.283168459394676120e+01
3.509998290493967943e+00 1.268261474794732635e+01
2.275288146726943239e+00 1.242271228857089227e+01
7.504899951576135209e+00 1.542644478672627883e+01
6.044553281549497115e+00 1.637047550256681916e+01
5.807176883942702261e+00 1.879359492878256788e+01
5.539132751689976430e+00 1.658902776001275470e+01
6.100143446940023750e+00 1.941850454153677674e+01
7.751223639646013908e+00 1.917964640549234900e+01
4.159619446306351165e+00 1.796769903010135749e+01
6.198950726596876848e+00 2.007862932349962648e+01
8.438864445253329905e+00 2.078859260465560510e+01
6.978547073559639102e+00 2.007043862430691661e+01
7.929362682116334327e+00 2.102568583198896590e+01
8.710036371877777128e+00 2.540876854847033428e+01
7.155519948295477661e+00 1.944565021336597965e+01
9.631494192631407714e+00 2.200298111654637978e+01
7.680950854426100705e+00 2.373416906481475053e+01
8.404519410551074543e+00 2.249629096958551600e+01
1.153465154601872200e+01 2.355302460383609287e+01
1.188979214040182342e+01 2.334084655798233143e+01
1.004018859164625610e+01 2.198460443303792999e+01
1.123758358223761888e+01 2.247685854289204599e+01
1.394690128861316225e+01 2.197677899938639712e+01
1.136885792001658047e+01 2.174798979926345055e+01
1.256724144186807735e+01 2.267167131485064147e+01
1.403247322346157944e+01 2.251532678837645562e+01
1.265620821118318418e+01 1.990507438074041602e+01
1.444663454911642475e+01 1.770741755503422610e+01
1.359132398759481930e+01 2.001674910201836610e+01
1.261922352156170746e+01 1.865410513216602340e+01
1.667534910218591904e+01 1.884636404401993559e+01
1.632408119812134828e+01 2.037697828210548323e+01
1.814732184991248687e+01 1.794938092327515733e+01
1.930234244733082960e+01 1.851058039518176201e+01
1.775604332542525299e+01 1.740337790234207205e+01
1.929490636723130592e+01 1.765662183441872912e+01
1.826497983874833153e+01 1.975398053369826812e+01
1.643931018571447567e+01 1.572733307448072537e+01
1.644703699740443881e+01 1.649629482661612201e+01
1.855179674432770298e+01 1.419592933881540375e+01
1.855608734174893470e+01 1.471567985144065460e+01
2.142684796559115057e+01 1.434608900291846112e+01
2.042783152382435219e+01 1.598488337589242292e+01
2.049782329076288079e+01 1.407200917965292319e+01
2.266803386044921353e+01 1.374234660977253952e+01
2.315675890286911454e+01 1.296757774276801456e+01
2.023353611155880571e+01 1.498610209617800137e+01
2.197662875026367146e+01 1.093499786906340887e+01
2.449893006665342909e+01 1.376808798316824323e+01
2.435559519700314013e+01 1.247634697456760478e+01
2.430538297078328469e+01 1.209612440996201599e+01
2.585056627926633155e+01 1.287709893161445507e+01
2.451408990186928349e+01 8.314238539971938735e+00
2.579514082989396684e+01 9.651480943344722618e+00
2.479749849478321266e+01 9.272975304977990163e+00
2.517749634628277278e+01 8.570928881958707279e+00
2.689736158201412763e+01 5.876391928606608417e+00
2.497260299314893928e+01 1.032605640120050339e+01
2.809149858126374966e+01 7.477016657209787809e+00
2.574372706808293287e+01 8.151620482508405985e+00
2.635740306300431257e+01 6.893848202839762962e+00
2.754042033819769131e+01 8.263167096154120372e+00
2.707114653564781293e+01 6.691379738768318930e+00
2.659350836324301781e+01 7.292081266025434161e+00
2.428676414427354757e+01 4.849222300677865860e+00
2.663997356059462618e+01 6.230511162220087940e+00
2.821435397101231501e+01 6.201266580219112257e+00
2.699182965386785327e+01 4.973532213656653767e+00
2.589862936480926692e+01 3.433428512294085522e+00
2.535016042556981120e+01 6.230463548473835544e+00
2.824998685589298475e+01 1.353086222799447569e+00
2.322530952273916682e+01 3.624455335151196778e+00
2.338964891134560276e+01 6.750187938532690168e+00
2.212703942390191969e+01 5.369123672083787824e+00
2.342598051326876885e+01 4.177859250931760471e+00
2.230619130478487477e+01 3.277145466973706789e+00
2.076444611621263903e+01 -2.427051905544885813e-01
2.151193358473778972e+01 3.813786034286749782e+00
2.123834573418025684e+01 1.151808524974057946e+00
2.043636911327484995e+01 1.666327178865685710e+00
1.949958612946920766e+01 3.309134055529739271e+00
1.950495276737638051e+01 6.363770548305183183e-01
1.789912058574100229e+01 -3.235286855760932667e-01
1.825679818033586344e+01 8.858982440385716473e-01
1.598712385768760669e+01 -2.933789895026166050e+00
7.853809157994874113e+00 -8.617020994791346311e+00
6.267970250243706687e+00 -3.784326197403515835e+00
5.036598977126914178e+00 -5.518805765175784472e+00
9.581049809727460342e+00 -5.559956632070225169e+00
4.073753364389176568e+00 -6.646595471242562780e+00
6.085424568840608117e+00 -5.270524601181932667e+00
2.174157482697410160e+00 -5.772720778769325989e+00
1.734198922179984947e+00 -5.600820341746157283e+00
3.763769097286967735e+00 -5.122388893338211346e+00
4.267912079307279782e+00 -4.600864732004083635e+00
2.145488908751758572e+00 -2.059521733097426477e+00
3.492716696878687799e+00 -3.929141281731517665e+00
2.749947135004731535e+00 -1.624900817078923865e+00
3.431652136835509737e+00 -1.650146129641598236e+00
2.370377821182955813e+00 -9.629486920700855990e-01
4.239201533826701507e+00 -7.263545969088909260e-01
1.646773416543055646e+00 2.802749359584595368e-01
3.926421314949948282e-01 6.847245691569696646e-01
-1.448249278023467923e-01 6.922012447557790438e-02
-3.206704886010243172e-01 1.618001259275388293e+00
2.210735963878505572e+00 1.699079892399140590e+00
-2.442042801792467799e-01 3.933434844962903298e+00
1.042535934494026151e+00 3.566077819753786571e+00
8.297074517128351090e-01 2.439066777934840502e+00
3.392314264136985003e+00 4.935561496912328039e+00
-6.267922087272381759e-01 6.332185069712068071e+00
3.111470384978360926e+00 6.304930239059785890e+00
3.573626607445930858e+00 1.330328143105884919e+01
3.463587420194926381e+00 1.715987360781082316e+01
4.746177742729031479e+00 1.831748802010179134e+01
2.412689806168600626e+00 1.732815780222881585e+01
5.144203611205171001e+00 1.903100804255109324e+01
9.040355249921958602e+00 1.934601211992810477e+01
5.433123938106291462e+00 2.130176498888431524e+01
4.757019496993052599e+00 1.865986577537387348e+01
6.583690972028080068e+00 1.994779885101434047e+01
6.241453271097725519e+00 2.158453776859209938e+01
5.081478419047925854e+00 2.220384096177895117e+01
5.691221981818671338e+00 1.911701634378550807e+01
7.328381054587680410e+00 2.098069786425185157e+01
7.868645864487916697e+00 2.261515118343186259e+01
7.256148571080757392e+00 2.287037114593385922e+01
9.194551976259390358e+00 2.062806676845343645e+01
9.277879624839897588e+00 2.090991872186191358e+01
9.953054592406147094e+00 2.016429178049338589e+01
1.153571875132695368e+01 1.981529613827614611e+01
9.698791121499198198e+00 2.284516400576717388e+01
1.019436102069175831e+01 2.118056846146555472e+01
1.271090574786649086e+01 1.855224942238191943e+01
8.648388187507407565e+00 1.864757867946593706e+01
1.062689519079543743e+01 2.016310198952692190e+01
1.174502786306879898e+01 2.176727706341262092e+01
1.633304795527055830e+01 1.707114761599768826e+01
1.413458593975337863e+01 1.907791469967082776e+01
1.556602371468852652e+01 1.940800993385073525e+01
1.785221030300363054e+01 2.141053477330149235e+01
2.297354872297842121e+01 1.369810407821751141e+01
2.197163756106283472e+01 1.576820282620610669e+01
1.991156763872459123e+01 1.466522889198768098e+01
2.434901660438572435e+01 1.498396634069155198e+01
2.163925116924565373e+01 1.391237371025090397e+01
2.395680161888662951e+01 1.266610521941902334e+01
2.285435766756290832e+01 1.296600059344655165e+01
2.312706253250235022e+01 1.036083037768344184e+01
2.354283245498595534e+01 1.264740828899698499e+01
2.804858661455182300e+01 1.243996597613818267e+01
2.792725210220396548e+01 1.116581938001854724e+01
2.621229106159171351e+01 1.147308348101887532e+01
2.589125435998028024e+01 1.186776238810080031e+01
2.370778168866013402e+01 1.030391672955011018e+01
2.835406140541272180e+01 9.942483020159215812e+00
2.474293985900476400e+01 1.142413299377858493e+01
2.538999106946539541e+01 8.456417338401024608e+00
2.966079619772608567e+01 9.207588836709419411e+00
2.720154270846614963e+01 7.303895056450073753e+00
2.561751518401752037e+01 6.795720408082388531e+00
2.414778505704202871e+01 7.346158611026112339e+00
2.743898523449297500e+01 6.700289047390015185e+00
2.728419222539417888e+01 9.139396790054888697e+00
2.670433986080251998e+01 7.646367764939668632e+00
2.723464427632916340e+01 8.658384985121301725e+00
2.731503979760873335e+01 6.173868762644815433e+00
2.468447600216313731e+01 9.992598580563253563e+00
2.593148210586787172e+01 7.709945420836447738e+00
2.283079455630922894e+01 9.032410300230367284e+00
2.601607138158721000e+01 2.964906106741153735e+00
2.277255686375883670e+01 4.474032651721017828e+00
2.417835292646941525e+01 5.182640319021629693e+00
1.872992843559404719e+01 4.928458523340623287e+00
2.204142033723564964e+01 3.519877055617598671e+00
2.510526472456967895e+01 2.826322865517113314e+00
2.162379837118533032e+01 7.424975124503134793e-01
1.960826004609680240e+01 -6.590281028729805257e-01
1.995802300869672763e+01 3.101523808554702555e-01
1.881786168701046336e+01 1.097574756434596566e+00
2.049185129753550427e+01 2.900785276091482956e+00
1.945187803119824821e+01 -1.752137941460659931e+00
1.845957223015830095e+01 -7.930690806028906081e-01
1.765474158462939158e+01 -1.682574198340262228e+00
1.760349733643670334e+01 -1.880131010151671944e+00
1.476443647057146791e+01 -3.390985294231086300e+00
1.608345676037424710e+01 -4.097125891061295988e+00
1.461449808425538777e+01 -7.051774714773273445e-01
1.614968645699264016e+01 -2.078718547559219587e+00
1.592282830250678671e+01 -5.670723456836640253e+00
1.237963499090801633e+01 -3.518518770185778521e+00
1.249089653925489074e+01 -3.133850390301631705e+00
1.151787190660616034e+01 -5.284888744920920089e+00
1.380876557509691338e+01 -6.200127944820451376e+00
1.017780339318824190e+01 -4.912065170937921721e+00
9.071811490431770153e+00 -5.841779771301162327e+00
1.171198431488767255e+01 -6.304005141812609736e+00
1.381906692281700089e+01 -8.080772961083539485e+00
9.226160914199908802e+00 -6.164486655914970470e+00
1.104641631776667055e+01 -9.069751106436342525e+00
9.314546666682872456e+00 -7.971894964194689237e+00
7.879494495057315362e+00 -4.712788843317866849e+00
7.572187026272331423e+00 -6.849671252324696979e+00
4.789427525448900269e+00 -6.929913038923587010e+00
6.430645432244659787e+00 -6.852386680666313623e+00
6.656283771311564124e+00 -5.417993860833121289e+00
6.164294186648930918e+00 -4.115203974788869346e+00
5.635154502053410397e+00 -4.404339170300318074e+00
2.672690152620816662e+00 -5.467813423558709474e+00
3.128050751658747686e+00 -7.630057211629264202e+00
4.199979112456730945e+00 -5.123131046984781278e+00
1.793212497930653626e+00 -3.140443771470813772e+00
3.263298638869855495e+00 -1.700145983872971556e+00
5.508099898799628136e+00 -3.096527423981569882e+00
3.582979146899560874e+00 -4.101219230092283397e-01
3.015676253267656648e+00 -4.728708393702163448e+00
2.533292813222033146e+00 1.017458885625728726e+00
1.598587161500290676e+00 -1.935429576419664954e+00
1.739162953461061534e+00 -7.295868215235259413e-01
2.031552918567285815e+00 2.133806217407709482e+00
2.994285285595140067e+00 1.774152142915227159e+00
3.111524290834495332e+00 2.681279811567037541e+00
1.834712129056697449e+00 1.267659468085412300e+00
-9.426729412066379155e-01 3.421614076888545242e+00
2.881943951095990997e+00 4.295995768381885682e+00
2.025432077573896095e+00 6.859465592821607061e+00
3.307918409608646471e+00 7.255521596415292152e+00
1.057734159076062497e-01 8.895197521527052231e+00
1.294129929287919367e+00 8.367736861232970114e+00
2.511324134886308457e+00 1.156542043024273880e+01
1.566249019439055701e+00 1.333655965485650086e+01
4.194502062437095447e-01 1.260808426955054529e+01
1.195316198321052070e+00 1.064027075272224465e+01
1.340103882633343346e+00 1.449032782943106668e+01
1.218440904070575925e+00 1.451120001999845499e+01
2.715421188499931304e+00 1.434415679229323359e+01
5.339119865320753888e-01 1.528769150832856383e+01
9.922666261581980507e-02 1.442644921593591789e+01
1.616997674928825290e+00 1.446814125672631235e+01
2.285577834596381308e+00 1.631874370959394582e+01
1.750012972028343938e+00 1.863294058282781407e+01
1.923285674855378602e+00 1.628265112440431039e+01
2.494598336375929648e+00 1.719829489877253081e+01
2.792195416433813193e+00 1.651827578582287970e+01
