0.000000000000000000e+00
1.055438127090301168e+04
2.110876254180602336e+04
3.166314381270903323e+04
4.221752508361204673e+04
5.277190635451505659e+04
6.332628762541806645e+04
7.388066889632107632e+04
8.443505016722409346e+04
9.498943143812709604e+04
1.055438127090301132e+05
1.160981939799331303e+05
1.266525752508361329e+05
1.372069565217391646e+05
1.477613377926421526e+05
1.583157190635451407e+05
1.688701003344481869e+05
1.794244816053512041e+05
1.899788628762541921e+05
2.005332441471572092e+05
2.110876254180602264e+05
2.216420066889632435e+05
2.321963879598662606e+05
2.427507692307692487e+05
2.533051505016722658e+05
2.638595317725752830e+05
3.799577257525083842e+05
4.960559197324414854e+05
5.066103010033445316e+05
5.171646822742475779e+05
5.277190635451505659e+05
5.382734448160536122e+05
5.488278260869566584e+05
5.593822073578595882e+05
5.699365886287626345e+05
5.804909698996655643e+05
5.910453511705686105e+05
6.015997324414716568e+05
6.121541137123747030e+05
6.227084949832777493e+05
6.332628762541805627e+05
6.438172575250836089e+05
6.543716387959866552e+05
6.649260200668897014e+05
6.754804013377927477e+05
6.860347826086957939e+05
6.965891638795987237e+05
7.071435451505017700e+05
7.176979264214048162e+05
7.282523076923077460e+05
7.388066889632107923e+05
7.493610702341138385e+05
7.599154515050167684e+05
7.704698327759198146e+05
7.810242140468228608e+05
7.915785953177259071e+05
8.021329765886288369e+05
8.126873578595317667e+05
8.232417391304348130e+05
8.337961204013378592e+05
8.443505016722409055e+05
8.549048829431439517e+05
8.654592642140469979e+05
8.760136454849499278e+05
8.865680267558529740e+05
8.971224080267559038e+05
9.076767892976589501e+05
9.182311705685619963e+05
9.287855518394650426e+05
9.393399331103679724e+05
9.498943143812710186e+05
9.604486956521740649e+05
9.710030769230769947e+05
9.815574581939800410e+05
9.921118394648829708e+05
1.002666220735786133e+06
1.013220602006689063e+06
1.023774983277591993e+06
1.034329364548495156e+06
1.044883745819398086e+06
1.055438127090301132e+06
1.065992508361204062e+06
1.224308227424749406e+06
1.234862608695652336e+06
1.245416989966555499e+06
1.255971371237458428e+06
1.266525752508361125e+06
1.277080133779264288e+06
1.287634515050167218e+06
1.298188896321070381e+06
1.308743277591973310e+06
1.319297658862876473e+06
1.329852040133779403e+06
1.340406421404682565e+06
1.350960802675585495e+06
1.361515183946488425e+06
1.372069565217391588e+06
1.382623946488294285e+06
1.393178327759197447e+06
1.403732709030100377e+06
1.414287090301003540e+06
1.424841471571906470e+06
1.435395852842809632e+06
1.445950234113712562e+06
1.456504615384615492e+06
1.467058996655518655e+06
1.477613377926421585e+06
1.488167759197324747e+06
1.498722140468227677e+06
1.509276521739130607e+06
1.519830903010033537e+06
1.530385284280936467e+06
1.540939665551839629e+06
1.551494046822742559e+06
1.562048428093645722e+06
1.572602809364548652e+06
1.583157190635451814e+06
1.593711571906354744e+06
1.604265953177257674e+06
1.614820334448160836e+06
1.625374715719063533e+06
1.635929096989966696e+06
1.646483478260869626e+06
1.657037859531772789e+06
1.667592240802675718e+06
1.678146622073578881e+06
1.688701003344481811e+06
1.699255384615384741e+06
1.709809765886287903e+06
1.720364147157190833e+06
1.730918528428093996e+06
1.741472909698996926e+06
1.752027290969899856e+06
1.762581672240802785e+06
1.773136053511705948e+06
1.783690434782608878e+06
1.794244816053511808e+06
1.804799197324414970e+06
1.815353578595317900e+06
1.825907959866221063e+06
1.836462341137123993e+06
1.847016722408027155e+06
1.857571103678930085e+06
1.868125484949832782e+06
1.878679866220735945e+06
1.889234247491638875e+06
1.899788628762542037e+06
1.910343010033444967e+06
1.920897391304348130e+06
1.931451772575251060e+06
1.942006153846153989e+06
1.952560535117057152e+06
1.963114916387960082e+06
1.973669297658863245e+06
1.984223678929765942e+06
1.994778060200668871e+06
2.005332441471572267e+06
2.015886822742475197e+06
2.026441204013378127e+06
2.036995585284281056e+06
2.047549966555183986e+06
2.058104347826087382e+06
2.068658729096990312e+06
2.079213110367893241e+06
2.089767491638796171e+06
2.100321872909699567e+06
2.110876254180602264e+06
2.121430635451505426e+06
2.237528829431438353e+06
2.248083210702341516e+06
2.258637591973244678e+06
2.269191973244147375e+06
2.279746354515050538e+06
2.290300735785953235e+06
2.300855117056856398e+06
2.311409498327759560e+06
2.321963879598662257e+06
2.332518260869565420e+06
2.343072642140468583e+06
2.353627023411371745e+06
2.364181404682274442e+06
2.374735785953177605e+06
2.385290167224080302e+06
2.395844548494983464e+06
2.406398929765886627e+06
2.416953311036789324e+06
2.427507692307692487e+06
2.438062073578595649e+06
2.448616454849498812e+06
2.459170836120401509e+06
2.469725217391304672e+06
2.480279598662207369e+06
2.490833979933110997e+06
2.501388361204013694e+06
2.511942742474916857e+06
2.522497123745819554e+06
2.533051505016722251e+06
2.543605886287625879e+06
2.554160267558528576e+06
2.564714648829431739e+06
2.575269030100334436e+06
2.585823411371238064e+06
2.596377792642140761e+06
2.606932173913043924e+06
2.617486555183946621e+06
2.628040936454849783e+06
2.638595317725752946e+06
2.649149698996655643e+06
2.659704080267558806e+06
2.670258461538461503e+06
2.680812842809365131e+06
2.691367224080267828e+06
2.701921605351170991e+06
2.712475986622073688e+06
2.723030367892976850e+06
2.733584749163880013e+06
2.744139130434783176e+06
2.754693511705685873e+06
2.765247892976588570e+06
2.775802274247492198e+06
2.786356655518394895e+06
2.796911036789298058e+06
2.807465418060200755e+06
2.818019799331103917e+06
2.828574180602007080e+06
2.839128561872910243e+06
2.849682943143812940e+06
2.860237324414716102e+06
2.870791705685619265e+06
2.881346086956521962e+06
2.891900468227425124e+06
2.902454849498327821e+06
2.913009230769230984e+06
2.923563612040134147e+06
2.934117993311037309e+06
2.944672374581940006e+06
2.955226755852843169e+06
2.965781137123745866e+06
2.976335518394649494e+06
2.986889899665552191e+06
2.997444280936455354e+06
3.007998662207358051e+06
3.018553043478261214e+06
3.029107424749164376e+06
3.039661806020067073e+06
3.050216187290970236e+06
3.060770568561872933e+06
3.071324949832776561e+06
3.081879331103679258e+06
3.092433712374582421e+06
3.102988093645485118e+06
3.113542474916388746e+06
3.124096856187291443e+06
3.134651237458194140e+06
3.145205618729097303e+06
3.155760000000000000e+06
