3.411322062413458811e-01 1.033729597298398417e-01
6.983633955731091136e-01 2.962367109822592326e-01
1.063691124528668208e+00 5.684057209732671367e-01
1.430035564697408557e+00 9.086946118208825141e-01
1.791417407083043312e+00 1.305775465619012365e+00
2.142980854519993983e+00 1.748783593404597436e+00
2.480916226657805090e+00 2.227686736625099861e+00
2.802330304532804295e+00 2.733466196604634746e+00
3.105099165687946972e+00 3.258165692027545024e+00
5.021775676588870141e+00 8.845348646246725011e+00
5.069654150925622105e+00 9.257995939869472224e+00
5.098153965928461595e+00 9.646998925850923001e+00
5.107762344158819801e+00 1.001127040350623787e+01
5.098969923123577885e+00 1.034983039980030384e+01
5.072268407292727765e+00 1.066178741553389031e+01
5.028149362505514475e+00 1.094632267536123393e+01
4.967103937727902263e+00 1.120267691434811397e+01
4.889623362769100368e+00 1.143013930496820763e+01
4.796200102368879392e+00 1.162803825841757543e+01
4.687329615708623720e+00 1.179573379310046022e+01
4.563512665865077977e+00 1.193261135250471838e+01
4.425258179210367793e+00 1.203807690660987006e+01
4.273086667052877985e+00 1.211155326823557843e+01
4.107534246053081262e+00 1.215247759294616436e+01
3.929157324764293246e+00 1.216030007884432962e+01
3.738538031097547343e+00 1.213448394137331832e+01
3.536290501501868189e+00 1.207450679019130391e+01
3.323068163658533081e+00 1.197986360979368214e+01
3.099572183657243851e+00 1.185007162444841455e+01
2.866561280433084669e+00 1.168467742857755631e+01
2.624863148325551343e+00 1.148326688659196471e+01
2.375387769358873413e+00 1.124547845897633991e+01
2.119142938811003685e+00 1.097102080156219195e+01
1.857252367177181007e+00 1.065969572068763149e+01
1.590976751889146890e+00 1.031142785647647564e+01
1.321738221083434750e+00 9.926302815914869626e+00
-1.167265000332261771e+00 3.674969729117751882e+00
-1.257562009145104742e+00 3.032988170739226330e+00
-1.304673801710287240e+00 2.416614524262169716e+00
-1.304018305808020806e+00 1.840158235974382883e+00
-1.252079467900313769e+00 1.318761197488186543e+00
-1.146949769137815878e+00 8.674054918243805368e-01
-9.888014065411625531e-01 4.996452436064262592e-01
-7.801543246167945700e-01 2.262669191580775063e-01
-5.258346852162820717e-01 5.417126869341881701e-02
-2.325972955167170397e-01 -1.424429708261154559e-02
9.151125670442317173e-02 1.894027044628909806e-02
4.378975235009034961e-01 1.477841057679016856e-01
7.981129175775751872e-01 3.634815182734882910e-01
1.164379602537278346e+00 6.554740824753180206e-01
1.529909519676512453e+00 1.012462335597358098e+00
1.889034568123878932e+00 1.423195834246137714e+00
2.237196671515429447e+00 1.877010510610137572e+00
2.570851766582529230e+00 2.364140759505757750e+00
2.887332487177054485e+00 2.875858845963034760e+00
3.184700438454839855e+00 3.404496488017801248e+00
3.461606270525086959e+00 3.943394459784933748e+00
3.717166414460791213e+00 4.486813875118509820e+00
3.950859382048346635e+00 5.029831639611813898e+00
4.162441186162421758e+00 5.568233891950973735e+00
4.351877837664950732e+00 6.098415177081005112e+00
4.519292314642559205e+00 6.617287131818009982e+00
4.664923399206962529e+00 7.122198040470950176e+00
4.789094038608574522e+00 7.610863232920568322e+00
4.892187242261328173e+00 8.081305574715099027e+00
4.974627886785283337e+00 8.531804978368191072e+00
5.036869127166799132e+00 8.960855777230303687e+00
5.079382389417888888e+00 9.367130841452791401e+00
5.102650147629951505e+00 9.749451415266465304e+00
5.107160870920226969e+00 1.010676177867626180e+01
5.093405670381848438e+00 1.043810796409612252e+01
5.061876289852527577e+00 1.074261987888989722e+01
5.013064173515775934e+00 1.101949629362745142e+01
4.947460413152112046e+00 1.126799225289859585e+01
4.865556436040296973e+00 1.148740854079307461e+01
4.767845329946908350e+00 1.167708293502007777e+01
4.654823755594124535e+00 1.183638299044973863e+01
4.526994409235531869e+00 1.196470021616707058e+01
4.384869029426829101e+00 1.206144552148555960e+01
4.228971983169286020e+00 1.212604585274085522e+01
4.059844457319787381e+00 1.215794202168169846e+01
3.878049343832079110e+00 1.215658774390270835e+01
1.247556228391297539e+00 9.814223269588122633e+00
9.769061375236880451e-01 9.382590530025357367e+00
7.072849928594329150e-01 8.915175674094232505e+00
4.408619997103796484e-01 8.413007350953709107e+00
1.801156622747546177e-01 7.877592422750923973e+00
-7.212362846616793277e-02 7.311044014828042670e+00
-3.126319835177704398e-01 6.716236757956652426e+00
-5.377564687865648008e-01 6.096990355830325115e+00
-7.433938868406124723e-01 5.458278703040707391e+00
-9.249964233717338224e-01 4.806454617805082208e+00
-1.077621808441221241e+00 4.149468537150909242e+00
-1.196050559240397160e+00 3.497042426059887799e+00
-1.274995179125262723e+00 2.860738688146632125e+00
-1.309421682720136371e+00 2.253843108647147098e+00
-1.294987050726910560e+00 1.690972275200596897e+00
-1.228563275607454930e+00 1.187337138765331090e+00
-1.108772733053122739e+00 7.576619900160119769e-01
-9.364167354607428884e-01 4.148712790719439880e-01
-7.146667142920970495e-01 1.687798311046773136e-01
-4.489287742656302704e-01 2.508809770551057028e-02
-1.463832373514710739e-01 -1.506513973962952946e-02
1.846986516671846879e-01 4.509867556967162017e-02
5.356998713887568542e-01 1.987438538634433982e-01
8.983121048498003969e-01 4.364741069589177513e-01
1.265006011249174556e+00 7.474349751986242296e-01
1.629294798957166668e+00 1.120272540926956495e+00
1.985820503151915606e+00 1.543854102790688909e+00
2.330315277660651496e+00 2.007739386263152515e+00
2.659490160994709029e+00 2.502439608167401186e+00
2.970892415847475654e+00 3.019519354172070624e+00
3.262758592270665670e+00 3.551594353495989509e+00
3.533878599638978990e+00 4.092267728200866372e+00
3.783477703221318489e+00 4.636035110740223786e+00
4.011118207106795452e+00 5.178178469808782936e+00
4.216619801326046968e+00 5.714660554901123568e+00
4.399996296018576558e+00 6.242026429045391289e+00
4.561406098072677828e+00 6.757315075650888403e+00
4.701113880165731729e+00 7.257981971880548500e+00
4.819461191882178142e+00 7.741832349631756038e+00
4.916844125205681593e+00 8.206964274303913953e+00
4.993696500313522080e+00 8.651720428757380787e+00
5.050477350909639895e+00 9.074647445109523147e+00
5.087661751717221570e+00 9.474461687087543993e+00
5.105734245322429032e+00 9.850020494853641395e+00
5.105184297021377660e+00 1.020029803060129403e+01
5.086503341768721320e+00 1.052436498946397947e+01
5.050183093707923732e+00 1.082137155781994942e+01
4.996714872232265847e+00 1.109053310641782986e+01
4.926589764069419175e+00 1.133111819876813087e+01
4.840299494542782632e+00 1.154243857153186781e+01
4.738337918183338715e+00 1.172384082840000019e+01
4.621203083506555842e+00 1.187469962155523362e+01
4.489399843890421238e+00 1.199441218596717817e+01
4.343443022060323955e+00 1.208239411447453193e+01
4.183861155509065455e+00 1.213807632405720938e+01
4.011200867440340545e+00 1.216090320995012419e+01
3.826031958815722778e+00 1.215033203017185315e+01
3.628953282718824003e+00 1.210583363175252103e+01
3.420599564904890588e+00 1.202689467695757486e+01
3.201649301481879206e+00 1.191302161742246390e+01
2.972833928894182076e+00 1.176374674783160046e+01
2.734948488449471249e+00 1.157863678465022161e+01
2.488864048314873401e+00 1.135730455360930158e+01
2.235542187637025613e+00 1.109942454193834216e+01
1.976051888695153469e+00 1.080475328546974900e+01
1.711589218564693482e+00 1.047315582506642606e+01
1.443500202254012210e+00 1.010463978872663304e+01
1.173307278580822510e+00 9.699399038795874617e+00
9.027396615638425548e-01 9.257869262436290825e+00
6.337677611161673941e-01 8.780798353486659380e+00
3.686414808933312637e-01 8.269334875053758083e+00
1.099316084375034919e-01 7.725138181123949010e+00
-1.394274998408866484e-01 7.150513682039187024e+00
-3.760973500977520256e-01 6.548575864333278318e+00
-5.963027119436370427e-01 5.923439377435338216e+00
-7.958163177321377901e-01 5.280433827078608644e+00
-9.699747405217107321e-01 4.626329629906534180e+00
-1.113744541383267173e+00 3.969549127871390581e+00
-1.221862289686094449e+00 3.320318640750413941e+00
-1.289072993292459390e+00 2.690695125231234996e+00
-1.310484158851268344e+00 2.094382246041301521e+00
-1.282031708477006759e+00 1.546248334885119036e+00
-1.201016693242844990e+00 1.061491380306266219e+00
-1.066624448077417409e+00 6.544776129432059442e-01
-8.803003526613655261e-01 3.374013546209875258e-01
-6.458571300340998356e-01 1.190285942701905242e-01
-3.692455364618516533e-01 3.825251696044418281e-03
-5.801897272084577395e-02 -8.312697570908689215e-03
2.793836764673643946e-01 7.830943973676784964e-02
6.343716388694101704e-01 2.560420433329575474e-01
9.988123839819307292e-01 5.149823593434383895e-01
1.365444714297551210e+00 8.440525995807162118e-01
1.728089279213927965e+00 1.231898682996174443e+00
2.081695023267991829e+00 1.667540883023616693e+00
2.422275716729837214e+00 2.140781887939512629e+00
2.746786604580387703e+00 2.642417092171359005e+00
3.052978430808758858e+00 3.164302986685479713e+00
3.339252419784612957e+00 3.699334337783402482e+00
3.604528848168095934e+00 4.241369359540597905e+00
3.848134420966873304e+00 4.785130142826375277e+00
4.069709251990477838e+00 5.326095736952102477e+00
4.269131961310275614e+00 5.860398073113192829e+00
4.446460445054654542e+00 6.384726073502093868e+00
4.601885666371130057e+00 6.896240241324451681e+00
4.735695986984399752e+00 7.392498227641528530e+00
4.848249886289879740e+00 7.871390887813312531e+00
4.939955280074421751e+00 8.331087864072776128e+00
5.011253995458091026e+00 8.769991554437780223e+00
5.062610258612799896e+00 9.186698319558519898e+00
5.094502301418854628e+00 9.579965856984653527e+00
5.107416395295164335e+00 9.948685788674064057e+00
5.101842781299048113e+00 1.029186063517769867e+01
5.078273092398560173e+00 1.060858447437692931e+01
5.037198963343273661e+00 1.089802669704018712e+01
4.979111600908024293e+00 1.115941837616380283e+01
4.904502155062484547e+00 1.139204083317794058e+01
4.813862759651810208e+00 1.159521614081504381e+01
4.707688192032811969e+00 1.176829921446115534e+01
4.586478084702890534e+00 1.191067139288903931e+01
4.450739687531271471e+00 1.202173531765223302e+01
4.300991187767060353e+00 1.210091103830922066e+01
4.137765623039470597e+00 1.214763330269695629e+01
3.961615433912859530e+00 1.216135004275563247e+01
3.773117773760775950e+00 1.214152211245026791e+01
3.572880615875629662e+00 1.208762440782137304e+01
3.361549859187487055e+00 1.199914854424991617e+01
3.139817553706417907e+00 1.187560736383917970e+01
2.908431456718368668e+00 1.171654163227288059e+01
2.668206151606507426e+00 1.152152940580345941e+01
2.420036003532461066e+00 1.129019869565166800e+01
-4.383258801664273729e-01 6.379161487024668453e+00
-6.532938032709525444e-01 5.748534810349091195e+00
-8.463321586113177197e-01 5.101743796028918254e+00
-1.012666746918402971e+00 4.445992606173351902e+00
-1.147183352842997106e+00 3.790187320805168625e+00
-1.244592436919440992e+00 3.145061127430512915e+00
-1.299698174377532656e+00 2.523152223893793789e+00
-1.307784867843552856e+00 1.938546223348812880e+00
-1.265108304383071314e+00 1.406300221323094402e+00
-1.169438436918245117e+00 9.415109525676417235e-01
-1.020552620489417084e+00 5.580841154856512887e-01
-8.205488110202936447e-01 2.673874670649265539e-01
-5.738635800317777313e-01 7.707119246775295807e-02
-2.869512628553008149e-01 -9.653855212224726756e-03
3.231666202598804105e-02 5.894192114130447635e-03
3.753897445364728913e-01 1.183922444035800936e-01
7.337498181207648962e-01 3.194603908568414141e-01
1.099471248120311273e+00 5.987715477387904883e-01
1.465576581678933232e+00 9.450926347221741963e-01
1.826197076680236453e+00 1.347118328800370968e+00
2.176583512572179746e+00 1.794052315909870465e+00
2.513021773665330194e+00 2.275955742269449189e+00
2.832700187652713808e+00 2.783913030186573323e+00
3.133561992041070887e+00 3.310070630518010759e+00
3.414163163398618472e+00 3.847596557112336502e+00
3.673545864053703980e+00 4.390596521338996361e+00
3.911131245652137434e+00 4.934010966148830946e+00
4.126631607626828568e+00 5.473508156720649609e+00
4.319980056761208331e+00 6.005381974697309388e+00
5.068725074425751487e+00 1.069074978472400872e+01
5.022934041313039444e+00 1.097256984101349175e+01
4.960264507518788335e+00 1.122613759849987147e+01
4.881207762287706586e+00 1.145074643369160583e+01
4.786256476029162599e+00 1.164572815009136875e+01
4.675906514537042646e+00 1.181044549601228155e+01
4.550659302175365184e+00 1.194428611185519173e+01
4.411024735036853883e+00 1.204665775278801298e+01
