0.000000000000000000e+00
1.583157190635451407e+05
3.166314381270902813e+05
4.749471571906354511e+05
6.332628762541805627e+05
7.915785953177257907e+05
9.498943143812709022e+05
1.108210033444816247e+06
1.266525752508361125e+06
1.424841471571906237e+06
3.166314381270903163e+06
3.324630100334448274e+06
3.482945819397993851e+06
3.641261538461538497e+06
3.799577257525083609e+06
3.957892976588628720e+06
4.116208695652173832e+06
4.274524414715718478e+06
4.432840133779264987e+06
4.591155852842809632e+06
4.749471571906355210e+06
4.907787290969899856e+06
5.066103010033444501e+06
5.224418729096990079e+06
5.382734448160534725e+06
5.541050167224080302e+06
5.699365886287624948e+06
5.857681605351171456e+06
6.015997324414716102e+06
6.174313043478260748e+06
6.332628762541806325e+06
6.490944481605350971e+06
6.649260200668896548e+06
6.807575919732441194e+06
6.965891638795987703e+06
7.124207357859532349e+06
7.282523076923076995e+06
9.023995986622074619e+06
9.182311705685619265e+06
9.340627424749163911e+06
9.498943143812710419e+06
9.657258862876255065e+06
9.815574581939799711e+06
9.973890301003344357e+06
1.013220602006688900e+07
1.029052173913043551e+07
1.044883745819398016e+07
1.060715317725752480e+07
1.076546889632106945e+07
1.092378461538461596e+07
1.108210033444816060e+07
1.124041605351170525e+07
1.139873177257524990e+07
1.155704749163879640e+07
1.171536321070234291e+07
1.187367892976588756e+07
1.203199464882943220e+07
1.219031036789297685e+07
1.234862608695652150e+07
1.250694180602006800e+07
1.266525752508361265e+07
1.282357324414715730e+07
1.298188896321070194e+07
1.314020468227424659e+07
1.329852040133779310e+07
1.345683612040133774e+07
1.361515183946488239e+07
1.377346755852842703e+07
1.393178327759197541e+07
1.409009899665552005e+07
1.424841471571906470e+07
1.440673043478260934e+07
1.456504615384615399e+07
1.472336187290970050e+07
1.488167759197324514e+07
1.503999331103678979e+07
1.519830903010033444e+07
1.535662474916387908e+07
1.551494046822742559e+07
1.567325618729097024e+07
1.583157190635451488e+07
1.598988762541805953e+07
1.614820334448160417e+07
1.788967625418060273e+07
1.804799197324414924e+07
1.820630769230769575e+07
1.836462341137123853e+07
1.852293913043478504e+07
1.868125484949832782e+07
1.883957056856187433e+07
1.899788628762542084e+07
1.915620200668896362e+07
1.931451772575251013e+07
1.947283344481605291e+07
1.963114916387959942e+07
1.978946488294314593e+07
1.994778060200668871e+07
2.010609632107023522e+07
2.026441204013377801e+07
2.042272775919732451e+07
2.058104347826087102e+07
2.073935919732441381e+07
2.089767491638796031e+07
2.105599063545150682e+07
2.121430635451504961e+07
2.137262207357859612e+07
2.153093779264213890e+07
2.168925351170568541e+07
2.184756923076923192e+07
2.200588494983277470e+07
2.216420066889632121e+07
2.232251638795986399e+07
2.248083210702341050e+07
2.263914782608695701e+07
2.279746354515049979e+07
2.295577926421405002e+07
2.311409498327759281e+07
2.327241070234113932e+07
2.343072642140468583e+07
2.358904214046822861e+07
2.374735785953177512e+07
2.390567357859531790e+07
2.406398929765886441e+07
2.422230501672241092e+07
2.438062073578595370e+07
2.453893645484950021e+07
2.469725217391304299e+07
2.485556789297658950e+07
2.501388361204013601e+07
2.517219933110367879e+07
2.533051505016722530e+07
2.548883076923076808e+07
2.564714648829431459e+07
2.580546220735786110e+07
2.596377792642140388e+07
2.612209364548495039e+07
2.628040936454849318e+07
2.643872508361203969e+07
2.659704080267558619e+07
2.675535652173912898e+07
2.691367224080267549e+07
2.707198795986622199e+07
2.723030367892976478e+07
2.738861939799331129e+07
2.754693511705685407e+07
2.770525083612040058e+07
2.786356655518395081e+07
2.802188227424749359e+07
2.818019799331104010e+07
2.833851371237458289e+07
2.849682943143812940e+07
2.865514515050167590e+07
2.881346086956521869e+07
2.897177658862876520e+07
2.913009230769230798e+07
2.928840802675585449e+07
2.944672374581940100e+07
2.960503946488294378e+07
2.976335518394649029e+07
2.992167090301003307e+07
3.007998662207357958e+07
3.023830234113712609e+07
3.039661806020066887e+07
3.055493377926421538e+07
3.071324949832775816e+07
3.087156521739130467e+07
3.102988093645485118e+07
3.118819665551839396e+07
3.134651237458194047e+07
3.150482809364548326e+07
3.166314381270902976e+07
3.182145953177258000e+07
3.197977525083611906e+07
3.213809096989966929e+07
3.229640668896320835e+07
3.245472240802675858e+07
3.261303812709030136e+07
3.277135384615384787e+07
3.292966956521739066e+07
3.308798528428093717e+07
3.324630100334447995e+07
3.340461672240803018e+07
3.356293244147156924e+07
3.372124816053511947e+07
3.387956387959866226e+07
3.403787959866221249e+07
3.419619531772574782e+07
3.435451103678929806e+07
3.451282675585284084e+07
3.467114247491639107e+07
3.482945819397993386e+07
3.498777391304347664e+07
3.514608963210701942e+07
3.530440535117056966e+07
3.546272107023411989e+07
3.562103678929766268e+07
3.577935250836120546e+07
3.593766822742474824e+07
3.609598394648829848e+07
3.625429966555184126e+07
3.641261538461539149e+07
3.657093110367892683e+07
3.672924682274247706e+07
3.688756254180601984e+07
3.704587826086957008e+07
3.720419397993311286e+07
3.736250969899665564e+07
3.752082541806019843e+07
3.767914113712374866e+07
3.783745685618729144e+07
3.799577257525084168e+07
3.815408829431437701e+07
3.831240401337792724e+07
4.005387692307692021e+07
4.021219264214047045e+07
4.037050836120401323e+07
4.052882408026755601e+07
4.068713979933110625e+07
4.084545551839464903e+07
4.100377123745819926e+07
4.116208695652174205e+07
4.132040267558528483e+07
4.147871839464882761e+07
4.163703411371237785e+07
4.179534983277592063e+07
4.195366555183947086e+07
4.211198127090301365e+07
4.227029698996655643e+07
4.242861270903009921e+07
4.258692842809364945e+07
4.274524414715719223e+07
4.290355986622074246e+07
4.306187558528427780e+07
4.322019130434782803e+07
4.337850702341137081e+07
4.353682274247492105e+07
4.369513846153846383e+07
4.385345418060200661e+07
4.401176989966554940e+07
4.417008561872909963e+07
4.432840133779264241e+07
4.448671705685619265e+07
4.622818996655518562e+07
4.638650568561872840e+07
4.654482140468227863e+07
4.670313712374582142e+07
4.686145284280937165e+07
4.701976856187290698e+07
4.717808428093645722e+07
4.733640000000000000e+07
