1.425096680432094143e-01 -4.640307877389737712e-02
2.883158657333354524e-01 -8.163093044274338794e-02
4.368996276203473972e-01 -1.053066568259470870e-01
5.877168616607282292e-01 -1.170387277035125351e-01
7.401918290541008583e-01 -1.164194348890377206e-01
8.937097218121906606e-01 -1.030236538080928632e-01
1.047608135022797704e+00 -7.640802622770070940e-02
1.201167193334988337e+00 -3.611073547073795353e-02
1.353598048286619004e+00 1.834787413890559549e-02
1.504029416120159945e+00 8.746346884542655076e-02
1.651491778402845334e+00 1.717441637036634106e-01
1.794898828108344890e+00 2.717044773269376989e-01
1.933025727657525117e+00 3.878557336213326323e-01
2.064483783858252153e+00 5.206913928258143365e-01
2.187691278767382563e+00 6.706651560335115114e-01
2.300840568021802923e+00 8.381588533234820559e-01
2.401862222844997508e+00 1.023435932814177551e+00
2.488388369756546759e+00 1.226574949494203537e+00
2.557719746618472456e+00 1.447375759300932430e+00
2.606805047208151205e+00 1.685229617162611326e+00
2.632247581353434285e+00 1.938943996711727014e+00
2.630363721066828031e+00 2.206515837023087734e+00
2.597329474584630926e+00 2.484856957546381029e+00
2.529461989365537455e+00 2.769498640437042525e+00
-1.099216201911368707e+00 3.412546170304776805e+00
-1.200014841941055455e+00 3.230407836443894620e+00
-1.281629018996025327e+00 3.044305646080315064e+00
-1.345143693360016712e+00 2.856092420322001502e+00
-1.391619785440975754e+00 2.667328927462621735e+00
-1.422075904859215090e+00 2.479336180789233346e+00
-1.437478967529600471e+00 2.293239027730558099e+00
-1.438740508078326652e+00 2.110002068179755774e+00
-1.426716551264116450e+00 1.930459105909864359e+00
-1.402209644391495313e+00 1.755337252648735635e+00
-1.365972143189051469e+00 1.585276669420940143e+00
-1.318710170883372612e+00 1.420846775403311835e+00
-1.261087886822508164e+00 1.262559608562944247e+00
-1.193731843816578486e+00 1.110880894553587073e+00
-1.117235307247401277e+00 9.662392730165672017e-01
-1.032162470614574890e+00 8.290340424169384548e-01
-9.390525426436596712e-01 6.996417133655556952e-01
-8.384237077887014555e-01 5.784216032442706101e-01
-7.307769796725446243e-01 4.657206590355533748e-01
-6.165999809632337625e-01 3.618776601049473740e-01
-4.963706870560097295e-01 2.672269179369624048e-01
-3.705611891445149686e-01 1.821015761534856559e-01
-2.396415261314609468e-01 1.068365812198925902e-01
-1.040836536370425280e-01 4.177138773920496817e-02
3.563438774003913068e-02 -1.274756213841454766e-02
1.790239959413354454e-01 -5.636454390255574154e-02
3.255811747937814582e-01 -8.871244583231874259e-02
4.747811885810624410e-01 -1.094108359701300159e-01
6.260726043573615618e-01 -1.180642356188519315e-01
7.788705613441516684e-01 -1.142606428375811944e-01
9.325490900243328385e-01 -9.757038765110204181e-02
1.086432268987183480e+00 -6.754544546023621976e-02
1.239783968707764750e+00 -2.371939781007537107e-02
1.391795887313372226e+00 3.439168275643122996e-02
1.541573535847526433e+00 1.072870237784320224e-01
1.688119784159173520e+00 1.954770457227104075e-01
1.830315542908807380e+00 2.994765359121318582e-01
1.966897150912741310e+00 4.197939344805989847e-01
2.096430096258346421e+00 5.569150753243903296e-01
2.217278872573389847e+00 7.112790317084365377e-01
2.327573220068476445e+00 8.832428183135525579e-01
2.425171789582830861e+00 1.073030423441733605e+00
2.507625868515101608e+00 1.280660163090678427e+00
2.572148523247668628e+00 1.505842639695359253e+00
2.615599102621020577e+00 1.747840243046170583e+00
2.634500222191079821e+00 2.005279311503636919e+00
2.625114539070938502e+00 2.275910317179057341e+00
2.583620704605062546e+00 2.556324173875614392e+00
2.506436652242406637e+00 2.841660351379966531e+00
2.390730945915945593e+00 3.125389348939116463e+00
2.235117620095640412e+00 3.399311219781798066e+00
2.040427895077661091e+00 3.653947200137428464e+00
1.810312309182369184e+00 3.879443694769445727e+00
1.551344833505764464e+00 4.066902331032179241e+00
1.272412584438069150e+00 4.209764010011485702e+00
9.834981452508680944e-01 4.304732201676676695e+00
6.942822261148690055e-01 4.351902843653961739e+00
4.130465995091631148e-01 4.354163973489324491e+00
1.461252937161500176e-01 4.316223329866831548e+00
-1.021371459220873357e-01 4.243644748618166318e+00
-3.291145344996909694e-01 4.142114271044643914e+00
-5.335103963640795977e-01 4.016984880796153234e+00
-7.149781174442922937e-01 3.873051028103406956e+00
-8.738066649238293016e-01 3.714477098883965489e+00
-1.010684101494927045e+00 3.544813996933156020e+00
-1.126530282601159616e+00 3.367058244562121772e+00
-1.222383611139108872e+00 3.183726217890467058e+00
-1.299327153755555297e+00 2.996928818982751430e+00
-1.358442177405532636e+00 2.808439700285801255e+00
-1.400780227895267238e+00 2.619754534857897887e+00
-1.427347481549406272e+00 2.432141028245928815e+00
-1.439097052429122225e+00 2.246680463114516080e+00
-1.436926370468748715e+00 2.064301873157752709e+00
-1.421677707576631366e+00 1.885810043576686468e+00
-1.394140596852349478e+00 1.711908427047170722e+00
2.157402608866493265e-01 -6.560802118844311082e-02
3.630150148085007356e-01 -9.505174126223714381e-02
5.127961771007826242e-01 -1.127476030505332183e-01
6.645245459334440108e-01 -1.182960849020808780e-01
8.176056501803373733e-01 -1.112808175588111403e-01
9.714017965621292161e-01 -9.126754097144740285e-02
1.125222895117602206e+00 -5.780356032185141046e-02
1.278315801502130089e+00 -1.041790980334633687e-02
1.429851869367281925e+00 5.137747188012387056e-02
1.578912358246634007e+00 1.280851158736915352e-01
1.724471297528747726e+00 2.202173188267995130e-01
1.865375376638363170e+00 3.282884622069337510e-01
2.000320437310830091e+00 4.528030777215779068e-01
2.127824227682222791e+00 5.942378503108365351e-01
2.246195296514353679e+00 7.530149978707569858e-01
2.353498441334227032e+00 9.294635022135473434e-01
2.447518055711247698e+00 1.123763301312683538e+00
2.525722573989014563e+00 1.335866016139066748e+00
2.585236320636266960e+00 1.565384089750482710e+00
2.622830247432197837e+00 1.811439104403604006e+00
2.634950971090186833e+00 2.072460957330959364e+00
2.617818395960002320e+00 2.345935408275166445e+00
2.567634189254436983e+00 2.628113468666184005e+00
2.480949635150987209e+00 2.913728220181962758e+00
2.355226708810591596e+00 3.195816216614477234e+00
2.189567671336234866e+00 3.465798580403354201e+00
1.985472548083499156e+00 3.713996163045376164e+00
1.747346356634978282e+00 3.930660402063748560e+00
1.482433340113307629e+00 4.107362284331967928e+00
1.200028124017213926e+00 4.238307473759800104e+00
9.101643012664389909e-01 4.321076539422282536e+00
6.222531499394249321e-01 4.356548843040250141e+00
3.441140516047292985e-01 4.348168818964071924e+00
8.156667275150419893e-02 4.300944456304883090e+00
-1.615113372526190139e-01 4.220528486914031596e+00
-3.828673339315668001e-01 4.112555535864390599e+00
-5.814784008643182345e-01 3.982251506417219034e+00
-7.571849336110948459e-01 3.834254097526584193e+00
-9.103959904336454967e-01 3.672568974071488412e+00
-1.041871531080213131e+00 3.500600572698284729e+00
-1.152570234767479551e+00 3.321217015557367702e+00
-1.243547488975332183e+00 3.136825459966858798e+00
-1.315889429123257237e+00 2.949445573239636076e+00
-1.370671880627564843e+00 2.760775615949375705e+00
-1.408936038378463262e+00 2.572249349276145125e+00
-1.431675169537589998e+00 2.385083811821620436e+00
-1.439828428527846871e+00 2.200318893200518211e+00
-1.434279180217434391e+00 2.018849839613224173e+00
-1.415856101755734731e+00 1.841453873165326272e+00
-1.385335937589056599e+00 1.668811980023670261e+00
-1.343447182057305067e+00 1.501526774117503127e+00
-1.290874229852671196e+00 1.340137191028182073e+00
-1.228261710228912396e+00 1.185130629288368098e+00
-1.156218836441014197e+00 1.036953038846851971e+00
-1.075323677805342548e+00 8.960173591358335798e-01
-9.861273115835936798e-01 7.627106300069144140e-01
-8.891578446614091247e-01 6.374000350586785935e-01
-7.849243159834450312e-01 5.204380850094842970e-01
-6.739205116356435932e-01 4.121671143108565083e-01
-5.566287137223561166e-01 3.129232090348770257e-01
-4.335234546525182919e-01 2.230397018022536315e-01
-3.050753034931564800e-01 1.428502928630601687e-01
-1.717547594081806350e-01 7.269188128181447439e-02
-3.403631257928874110e-02 1.290715184302193563e-02
1.075972429523689433e-01 -3.615304139654851312e-02
2.526501688775109056e-01 -7.412747856512602596e-02
4.006087008417349438e-01 -1.006425521888605346e-01
5.509354143160277717e-01 -1.153104355465890407e-01
7.030628965100153005e-01 -1.177274742554432763e-01
8.563865602980381686e-01 -1.074728645835709706e-01
1.010256405343689323e+00 -8.410772072654904008e-02
1.163967495560477516e+00 -4.717468659700685407e-02
1.316748880398660226e+00 3.801678205915592912e-03
1.467750641233636966e+00 6.931340458853174624e-02
1.616028696358010386e+00 1.498660319374236494e-01
1.760526955478145972e+00 2.459732499319384758e-01
1.900056390686344354e+00 3.581482825931923131e-01
2.033270611172363740e+00 4.868906188215635922e-01
2.158637641854415090e+00 6.326661163093705298e-01
2.274407878146413431e+00 7.958776905846685068e-01
2.378578824806523162e+00 9.768227669108933142e-01
2.468858322431467744e+00 1.175632222265673876e+00
2.542630103336466885e+00 1.392183965718841954e+00
2.596929065475480414e+00 1.625982660443566985e+00
2.628439464644675816e+00 1.875996305063864611e+00
2.633537925535820001e+00 2.140442207902224947e+00
2.608414630415510249e+00 2.416522692298295194e+00
2.549317504171562998e+00 2.700130346120126923e+00
2.452967013079047298e+00 2.985579690660249419e+00
2.317165707558590526e+00 3.265477559138672436e+00
2.141553780249217276e+00 3.530898449927830196e+00
1.928334147638292251e+00 3.772029255140754600e+00
1.682663006820193985e+00 3.979317244102126061e+00
1.412403560053162810e+00 4.144889308236695769e+00
1.127171792374141557e+00 4.263764349362345385e+00
8.369631908710581936e-01 4.334394256514625177e+00
5.508569948203235755e-01 4.358392919576378866e+00
2.761848115279671445e-01 4.339695521905930775e+00
1.825674107883290542e-02 4.283550922757864754e+00
-2.194953362252728413e-01 4.195658493154465596e+00
-4.351666085406650231e-01 4.081576898058955294e+00
-6.279841780608826918e-01 3.946393915574458511e+00
-7.979566597169628350e-01 3.794588009355686964e+00
-9.455993957571117159e-01 3.630008281329279107e+00
-1.375807102713925811e+00 1.626057170537345442e+00
-1.331158442728653579e+00 1.460211545115305931e+00
-1.275991887378815193e+00 1.300389008080345965e+00
-1.210942717523141088e+00 1.147065614636176623e+00
-1.136611886087094625e+00 1.000678243146224666e+00
-1.053570262296886551e+00 8.616326704514065682e-01
-9.623627506329525128e-01 7.303103910359829420e-01
-8.635122808180705212e-01 6.070744255821467483e-01
-7.575236844453757667e-01 4.922743157867697228e-01
-6.448874905001543700e-01 3.862504668243427197e-01
-5.260836709294157698e-01 2.893379566999607633e-01
-4.015853969905159859e-01 2.018699284546849881e-01
-2.718628472799548002e-01 1.241806330367363209e-01
-1.373871374354197483e-01 5.660819475313250138e-02
1.365566045847699250e-03 -5.028574371022109801e-04
1.439096536543866822e-01 -4.679925266417228613e-02
2.897453362791421183e-01 -8.191682790191645580e-02
4.383534335006170624e-01 -1.054785511919265062e-01
5.891895787963172815e-01 -1.170927423125101008e-01
7.416776914911552554e-01 -1.163515294335550898e-01
8.952025446312478207e-01 -1.028296141572111466e-01
1.049101225408344717e+00 -7.608345906483782173e-02
1.202653247269617420e+00 -3.565106976193188615e-02
1.355069029894145238e+00 1.894737591190764903e-02
1.505476416215769442e+00 8.820768545476553868e-02
1.652904848368530022e+00 1.726380698791043500e-01
1.796266784908041814e+00 2.727530697268161219e-01
1.934335925846576654e+00 3.890639157339421672e-01
2.065721851215598370e+00 5.220638013209235595e-01
2.188840814333370854e+00 6.722059038896630589e-01
2.301882806193352504e+00 8.398711554659958889e-01
2.402775676493333901e+00 1.025321567166390224e+00
2.489148482701004195e+00 1.228633490944293305e+00
2.558298615918846775e+00 1.449603507646106459e+00
2.607171325571600473e+00 1.687618128673199491e+00
2.632366746763005416e+00 1.941478136548725475e+00
2.630199006905904469e+00 2.209171324712071449e+00
2.596843872309672729e+00 2.487597529136640340e+00
2.528621802715474765e+00 2.772273261588470206e+00
2.422461485790968538e+00 3.057085364039281217e+00
2.276555057923320025e+00 3.334221215291728768e+00
2.091128441031282481e+00 3.594449494035620862e+00
1.869114005260340772e+00 3.827897433823654438e+00
1.616403902338133136e+00 4.025301134763473065e+00
1.341417938553671974e+00 4.179423202074508126e+00
1.054003236357500706e+00 4.286130986026197576e+00
7.640325597998431917e-01 4.344729042725056445e+00
4.801997311194441953e-01 4.357510032079265017e+00
2.093319558882421605e-01 4.328834080066803480e+00
-4.375998503751687974e-02 4.264135325264717835e+00
-2.760667768628616292e-01 4.169122218589462747e+00
-4.860058359410387441e-01 4.049256805697080353e+00
-6.730318203985189429e-01 3.909480296685559964e+00
-8.373040720430658945e-01 3.754110919939021684e+00
-9.794315554095570642e-01 3.586844095809461841e+00
