4.654486973770216585e-02 -3.007509415335218872e-02
9.362780157353967070e-02 -5.687819934391025178e-02
1.410603828197126708e-01 -8.040023391827866295e-02
1.886633267203249309e-01 -1.006383169208340256e-01
2.362654631788148607e-01 -1.175948397073686147e-01
2.837027905690453489e-01 -1.312767049546131881e-01
3.308175870473668567e-01 -1.416947104389217893e-01
3.774575784566412961e-01 -1.488630587959265394e-01
4.234751592851790369e-01 -1.527989778635177043e-01
4.687266615921056312e-01 -1.535224391277812961e-01
5.130716707375949648e-01 -1.510559646360084551e-01
5.563723790197017127e-01 -1.454245146495981578e-01
5.984929780622847417e-01 -1.366554509633541858e-01
6.392990840111665296e-01 -1.247785723040173433e-01
6.786571933644311994e-01 -1.098262202486973704e-01
7.164341670959579744e-01 -9.183345577015888939e-02
7.524967414793788389e-01 -7.083830823581560576e-02
7.867110661046046172e-01 -4.688209949388644215e-02
8.189422647978521486e-01 -2.000985137872757225e-02
8.490540297634476818e-01 9.729222101354517704e-03
8.769082426918326512e-01 4.228112284935858778e-02
9.023646336887993780e-01 7.758636981644861930e-02
9.252804832870880070e-01 1.155791786330730986e-01
9.455103780038676131e-01 1.561865042560970362e-01
9.629060332118675181e-01 1.993269283895272581e-01
9.224546422084398678e-01 8.043412742738494936e-01
3.514982453683188623e-01 1.376399131882697358e+00
2.774343537888752653e-01 1.401818359536677994e+00
2.021862253374349105e-01 1.419638003118910419e+00
1.267507402124018190e-01 1.429303831050235729e+00
5.220189666175406584e-02 1.430423162308058327e+00
-2.035210792372585398e-02 1.422799686359431659e+00
-8.981951909172075643e-02 1.406455985968398714e+00
-1.551776857121381359e-01 1.381639517556001895e+00
-2.155211566489975694e-01 1.348810430596432131e+00
-2.700992475483412480e-01 1.308612804727860679e+00
-3.183391464885481636e-01 1.261833696116751780e+00
-3.598534005226343147e-01 1.209355997184021092e+00
-3.944332702148984349e-01 1.152111215426600666e+00
-4.220312778123786468e-01 1.091037111947628091e+00
-4.427370330745757365e-01 1.027043302477297138e+00
-4.567502283842919675e-01 9.609860383143176144e-01
-4.643539032035289282e-01 8.936518839380757084e-01
-4.658900655517134726e-01 8.257490638353031098e-01
-4.617388050843715397e-01 7.579048305833223642e-01
-4.523012854644453129e-01 6.906671718538870408e-01
-4.379865006387242965e-01 6.245093681743187908e-01
-4.192013925799489837e-01 5.598362064072008870e-01
-3.963438028279109848e-01 4.969909596820392683e-01
-3.697977110257392730e-01 4.362625160291985216e-01
-3.399302550768292241e-01 3.778922565819233803e-01
-3.070900972632777393e-01 3.220804482440796646e-01
-2.716067782443751244e-01 2.689920318774553509e-01
-2.337907748084621651e-01 2.187617649869412206e-01
-1.939340421085083421e-01 1.714987271803455338e-01
-1.523108750675474243e-01 1.272902255894403645e-01
-1.091789669157123277e-01 8.620515244453963444e-02
-6.478057660532260398e-02 4.829685291580154693e-02
-1.934374267557198435e-02 1.360556159944137367e-02
2.691649946101137836e-02 -1.783953701084517451e-02
7.379692548428906651e-02 -4.601857350708804528e-02
1.211049735899871194e-01 -7.091953896836111770e-02
1.686576500531037359e-01 -9.253707139848588170e-02
2.162804942940267927e-01 -1.108714492507257843e-01
2.638066051233367570e-01 -1.259277631152840859e-01
3.110757273523235833e-01 -1.377152411852418101e-01
3.579333963396083562e-01 -1.462467081583308515e-01
4.042301373709915602e-01 -1.515381608257430068e-01
4.498207137851097381e-01 -1.536084465411615696e-01
4.945634259375096264e-01 -1.524790342281442390e-01
5.383194468869538785e-01 -1.481738686546890671e-01
5.809522002981801769e-01 -1.407193026202531172e-01
6.223267719207943305e-01 -1.301441023425040644e-01
6.623093528746546443e-01 -1.164795238403436572e-01
7.007667121290326318e-01 -9.975945968780841611e-02
7.375656962506416114e-01 -8.002065724605988972e-02
7.725727560185480236e-01 -5.730301070348275960e-02
8.056534973235487396e-01 -3.164993292022966198e-02
8.366722619273876393e-01 -3.108810572021947216e-03
8.654917357191569405e-01 2.826844640867953729e-02
8.919725915929366256e-01 6.242475274099834603e-02
9.063293136509429360e-01 8.400936425607558045e-01
8.747798514871076847e-01 9.016586838252342861e-01
8.384226439938502473e-01 9.627398559438488101e-01
7.972113709317274477e-01 1.022848716358979670e+00
7.511460162063519075e-01 1.081439788755668374e+00
7.002852335221398938e-01 1.137908887435326921e+00
6.447603553308309809e-01 1.191593910409001866e+00
5.847905913762488916e-01 1.241779206419028725e+00
5.206985406359724289e-01 1.287704776143834273e+00
4.529246026695368244e-01 1.328581581582383597e+00
3.820382772842055852e-01 1.363613996357006641e+00
3.087438113858487765e-01 1.392029812440598979e+00
2.338773943446631198e-01 1.413117146776126098e+00
1.583933740607969543e-01 1.426266103725657874e+00
8.333798512929388447e-02 1.431011380880510941e+00
9.810892692125261494e-03 1.427070609376921428e+00
-6.108279718508730083e-02 1.414372670946523414e+00
-1.282851336688930477e-01 1.393070998415524731e+00
-1.908361345748924021e-01 1.363539017925414987e+00
-2.479163971433527291e-01 1.326347959298644019e+00
-2.988765878689609856e-01 1.282230349922809154e+00
-3.432514468619647929e-01 1.232034702583352681e+00
-3.807587567872814938e-01 1.176677636038546026e+00
-4.112859518147585214e-01 1.117098980965363531e+00
-4.348682640624285667e-01 1.054223784508698802e+00
-4.516624756154133391e-01 9.889331950482449507e-01
-4.619197560761320598e-01 9.220445107692124553e-01
-4.659601044915432921e-01 8.542994920111518509e-01
-4.641499110183357479e-01 7.863594098786675923e-01
-4.568833102366934296e-01 7.188051265853395710e-01
-4.445673931625449549e-01 6.521406192195962070e-01
-4.276109730231376083e-01 5.867986232450067563e-01
-4.064164137521263931e-01 5.231473802723289879e-01
-3.813739727349025332e-01 4.614977641699852251e-01
-3.528581300179079450e-01 4.021103013687650218e-01
-3.212254371410520615e-01 3.452017876868128110e-01
-2.868134948706299037e-01 2.909513391711887609e-01
-2.499407455391743915e-01 2.395058072197213672e-01
-2.109068347636988139e-01 1.909845484711424346e-01
-1.699933559087340451e-01 1.454835765334497877e-01
-1.274648383152299225e-01 1.030791427888676504e-01
-8.356987791071240901e-02 6.383080276011210419e-02
-3.854233779277099758e-02 2.778402682188385597e-02
7.397431701813395044e-03 -5.027587838865255065e-03
5.404138761068610908e-02 -3.458045130815190493e-02
1.011926258371341758e-01 -6.085941367471547903e-02
1.486642630543159038e-01 -8.385645465857838321e-02
1.962783763914638380e-01 -1.035695939491000361e-01
2.438650039585348872e-01 -1.200019912739159755e-01
2.912612063189041200e-01 -1.331612099684202910e-01
3.383101870705710335e-01 -1.430586220651193230e-01
3.848604700807596313e-01 -1.497089367513390057e-01
4.307651254408719210e-01 -1.531298368314355507e-01
4.758810521076009548e-01 -1.533417125726549424e-01
5.200682939287709639e-01 -1.503674812991470100e-01
5.631894028038757494e-01 -1.442324877945710959e-01
6.051088358857561467e-01 -1.349644792528119641e-01
6.456923858584424636e-01 -1.225936520158739107e-01
6.848066414304957439e-01 -1.071527687320223965e-01
7.223184758129064242e-01 -8.867734631794133016e-02
7.580945617221450661e-01 -6.720591682512222498e-02
7.920009138132413362e-01 -4.278036389443939935e-02
8.239024532931646938e-01 -1.544634431575808708e-02
8.536626075124460478e-01 1.474620546350213779e-02
8.811429360649822851e-01 4.774246065656917448e-02
9.062027961779055563e-01 8.348199088845353888e-02
9.286990525172797994e-01 1.218979190432445403e-01
9.484858424779649688e-01 1.629159403876087042e-01
9.654144113796756521e-01 2.064531833033523833e-01
9.793330366616697091e-01 2.524168902502100797e-01
9.900870660084317709e-01 3.007028948502759036e-01
9.975191016214357553e-01 3.511938684086430840e-01
1.001469371890527871e+00 4.037573070420826804e-01
1.001776342855704049e+00 4.582432293233039688e-01
9.982776354330493707e-01 5.144815546391821037e-01
9.908113307078953991e-01 5.722791353124367930e-01
9.792177648351658714e-01 6.314164224039117146e-01
9.633419370966385120e-01 6.916437580560133025e-01
9.430366787626507374e-01 7.526773090897077578e-01
9.181667549651628679e-01 8.141946910959948491e-01
8.886140936676274471e-01 8.758303842613225365e-01
8.542843495654632857e-01 9.371711173489800650e-01
8.151150076156821189e-01 9.977515007463331198e-01
7.710851977391426360e-01 1.057050328546361495e+00
7.222273107355621224e-01 1.114488145185281720e+00
6.686403522809258870e-01 1.169426878541901971e+00
-1.005701293686205311e-01 1.403047822079651841e+00
-1.651837154380795258e-01 1.376914192751004240e+00
-2.246514061443418697e-01 1.342859514535517107e+00
-2.782498104065664335e-01 1.301553713197282747e+00
-3.254356455010143923e-01 1.253802404744130961e+00
-3.658508045058636582e-01 1.200499349793722859e+00
-3.993137269880438489e-01 1.142579720727968873e+00
-4.258005932654970738e-01 1.080978856139369615e+00
-4.454204517736008451e-01 1.016599292848583191e+00
-4.583880744570126287e-01 9.502870196624240151e-01
-4.649974843943807667e-01 8.828164801888630508e-01
-4.655980815895100489e-01 8.148829976885831883e-01
-4.605743661782428222e-01 7.471009467719322839e-01
-4.503295501077388407e-01 6.800060091448875133e-01
-4.352728827552964641e-01 6.140600682295177526e-01
-4.158102586751237228e-01 5.496575972959736323e-01
-3.923375709574234427e-01 4.871326983091744944e-01
-3.652362669480611612e-01 4.267662124396113255e-01
-3.348706108590874808e-01 3.687925328862506902e-01
-3.015862298749905634e-01 3.134059064597293220e-01
-2.657095979406141617e-01 2.607661197460321434e-01
-2.275481841649680814e-01 2.110035383994495195e-01
-1.873910559416554489e-01 1.642235136434203602e-01
-1.455097790847726391e-01 1.205101963548425026e-01
-1.021594989429913114e-01 7.992981237695973018e-02
-5.758011886083086450e-02 4.253345752388892897e-02
-1.199751705365831311e-02 8.359470342334196502e-03
3.437523853028673360e-02 -2.256456270793794072e-02
8.133670412723453813e-02 -5.022011994773234456e-02
1.286959196810327777e-01 -7.459633091665285320e-02
1.762713236723558174e-01 -9.568879806402541544e-02
2.238897279306024668e-01 -1.134986205770455170e-01
2.713853536355547158e-01 -1.280315921812553714e-01
3.185989273860224680e-01 -1.392975492083630140e-01
3.653768347110762926e-01 -1.473098491901128071e-01
4.115703277347384503e-01 -1.520849637504362306e-01
4.570347813641452706e-01 -1.536421725149806905e-01
5.016289986109021548e-01 -1.520033479312333791e-01
5.452145532862454624e-01 -1.471928223855005768e-01
5.876551734487596157e-01 -1.392373323123319295e-01
6.288161581921425380e-01 -1.281660350414524085e-01
6.685638257096968573e-01 -1.140105964391259219e-01
7.067649902903612169e-01 -9.680534896026604663e-02
7.432864662777278753e-01 -7.658752153073811186e-02
7.779945990013545920e-01 -5.339754370768123870e-02
8.107548195373199817e-01 -2.727943089828754886e-02
8.414312304193687364e-01 1.718746504267509856e-03
8.698862187400568935e-01 3.354429776947542852e-02
8.959801049892177627e-01 6.813924219280342864e-02
9.195708329286116367e-01 1.054395216981743877e-01
9.405137100527030114e-01 1.453740807744626773e-01
9.586612113875661034e-01 1.878637961876619134e-01
9.738628636303043873e-01 2.328202362380218382e-01
9.859652319492238082e-01 2.801442265935782938e-01
9.948120384056733378e-01 3.297241970633915109e-01
1.000244449219033882e+00 3.814342813055163761e-01
1.002101578309059215e+00 4.351321397641600974e-01
1.000221267064589581e+00 4.906564756671043526e-01
9.944412154329216325e-01 5.478242155420205428e-01
9.846005574344434130e-01 6.064273306782090867e-01
9.705419950966835962e-01 6.662292860552889717e-01
9.521146281555570301e-01 7.269611209682833586e-01
9.291776415169197278e-01 7.883171942578278690e-01
9.016050359863050367e-01 8.499506710655209130e-01
8.692916057892086101e-01 9.114688927377870842e-01
8.321603716847887355e-01 9.724288629479788115e-01
7.901716598526267177e-01 1.032333207141695519e+00
7.433339581148281638e-01 1.090627122764917800e+00
6.917165610852220592e-01 1.146697032582835618e+00
6.354638092335413990e-01 1.199871869892765508e+00
5.748104091138328542e-01 1.249428131227658056e+00
5.100968795590085092e-01 1.294599971153177487e+00
4.417836160313492466e-01 1.334595594941857311e+00
3.704614683747571302e-01 1.368620911319302191e+00
2.968562250275621484e-01 1.395910720766597723e+00
2.218242060858479914e-01 1.415766569491687665e+00
1.463365460254278660e-01 1.427598861114271811e+00
7.145089658816154710e-02 1.430969157699496064e+00
-1.728795310091485460e-03 1.425627301695722160e+00
-7.210139649924462990e-02 1.411537627116988380e+00
-1.386213472541878433e-01 1.388889523094254841e+00
-2.003485731863266506e-01 1.358089956582671398e+00
-2.564892700669628711e-01 1.319738699856015218e+00
-3.064230034463775731e-01 1.274590007770148192e+00
-3.497142094626653486e-01 1.223506479493842392e+00
-3.861089635975433754e-01 1.167411317659237557e+00
-4.155199588100681463e-01 1.107244324396870372e+00
-4.380036843339411567e-01 1.043925241579356289e+00
