1.466268409903763725e-01 -3.400989904413265208e-02
2.969586912055051098e-01 -5.509422191544821601e-02
4.502358246155275801e-01 -6.262417978584755573e-02
6.056234951192761562e-01 -5.597236018148432635e-02
7.622008056391476050e-01 -3.451847248572770255e-02
9.189484320336449574e-01 2.342326947213813071e-03
1.074735306807843571e+00 5.518779518112015836e-02
1.228304523407409254e+00 1.245527357697993054e-01
1.378258962637675555e+00 2.109077988121019764e-01
1.523047501295789807e+00 3.146316561188984284e-01
1.660953177816503867e+00 4.359751234829958300e-01
1.790085398415316664e+00 5.750157934223183442e-01
1.908379192372925193e+00 7.316019876970243363e-01
2.013605644741588652e+00 9.052855301346207639e-01
2.103398832401752294e+00 1.095244233264139888e+00
2.175305581661780341e+00 1.300197376403007699e+00
2.226864621448698678e+00 1.518321047258840872e+00
2.255720407547582962e+00 1.747174958166673786e+00
2.259773040538012090e+00 1.983657548481024380e+00
2.237358504846669760e+00 2.224010196949170570e+00
2.187443103933063071e+00 2.463891515052529790e+00
2.109804539752506702e+00 2.698535970782100613e+00
2.005163940865391403e+00 2.922995942205466324e+00
1.875233746348773156e+00 3.132444870235502776e+00
-1.045317490078582434e+00 3.132713368681007360e+00
-1.135173968090621432e+00 2.987772626213253346e+00
-1.211576423489829413e+00 2.837318401297680648e+00
-1.274681814776305711e+00 2.682624734112765807e+00
-1.324698289602327606e+00 2.524868108809315448e+00
-1.361872867759827077e+00 2.365137089326980302e+00
-1.386481918800530178e+00 2.204441765529041142e+00
-1.398823905194316986e+00 2.043722763014925725e+00
-1.399213956822544791e+00 1.883859684338715201e+00
-1.387979926439073530e+00 1.725678924706033790e+00
-1.365459647363869600e+00 1.569960853218439256e+00
-1.331999174644605599e+00 1.417446379864354622e+00
-1.287951840337032916e+00 1.268842944100126768e+00
-1.233677996100939644e+00 1.124829973479083645e+00
-1.169545344221622152e+00 9.860638452959977762e-01
-1.095929797374472603e+00 8.531824159425747123e-01
-1.013216817297891481e+00 7.268091365181605923e-01
-9.218032129027412536e-01 6.075567978558282789e-01
-8.220993911933204279e-01 4.960309246562362162e-01
-7.145320713460246997e-01 3.928328315111810909e-01
-5.995474828948360591e-01 2.985623375913579736e-01
-4.776150981945744833e-01 2.138201348748929309e-01
-3.492319281061894154e-01 1.392097565506964507e-01
-2.149274667253505688e-01 7.533910826644696357e-02
-7.526934543067920202e-02 2.282146362137993378e-02
6.913021497143512217e-02 -1.772419448046624879e-02
2.176070638685284608e-01 -4.567365599590189618e-02
3.694367995454678200e-01 -6.039901677024017701e-02
5.238253807405196527e-01 -6.127156389667565151e-02
6.798986047354449447e-01 -4.766640800751709151e-02
8.366904267292797348e-01 -1.896937265487785851e-02
9.931301687332456662e-01 2.541320845643202375e-02
1.148028788168891534e+00 8.604096963486274063e-02
1.300064568854543356e+00 1.634212632633285089e-01
1.447768889256049629e+00 2.579849847777446747e-01
1.589513150624127125e+00 3.700551060146317628e-01
1.723498550220686099e+00 4.998064624825753199e-01
1.847751195358009024e+00 6.472154329064787603e-01
1.960126078590399779e+00 8.119985787899586249e-01
2.058324613919148671e+00 9.935403008774641442e-01
2.139931582726287029e+00 1.190811397803997584e+00
2.202478064586145479e+00 1.402283354788144587e+00
2.243536563913461457e+00 1.625847365448987336e+00
2.260852156888911502e+00 1.858752185549880531e+00
2.252508103239783566e+00 2.097579827159156807e+00
2.217115553422759788e+00 2.338280660625024154e+00
2.154005716002260318e+00 2.576286714304826475e+00
2.063392316020690398e+00 2.806711267059933679e+00
1.946467551447893296e+00 3.024624083372758676e+00
1.805400964617645432e+00 3.225369501284831131e+00
1.643229076172586511e+00 3.404877269007076990e+00
1.463649164066627595e+00 3.559912710902428223e+00
1.270753492922065186e+00 3.688226372761120420e+00
1.068751342354987255e+00 3.788588753233863571e+00
8.617220918943844232e-01 3.860722417456067923e+00
6.534275383938470405e-01 3.905161912675184421e+00
4.471932312932813680e-01 3.923077621156384254e+00
2.458536516636644631e-01 3.916095062702309448e+00
5.174753957748712274e-02 3.886131286533990092e+00
-1.332527733474934140e-01 3.835259590949489539e+00
-3.076926063955679469e-01 3.765605630802783210e+00
-4.704779528536641164e-01 3.679272815936075691e+00
-6.208178633809512403e-01 3.578292379911921728e+00
-7.581706999812883874e-01 3.464592792158260437e+00
-8.821965148551863534e-01 3.339983515146600190e+00
-9.927163190336897314e-01 3.206148899100479177e+00
-1.089678117807653113e+00 3.064648910108117796e+00
-1.173129123326583034e+00 2.916924223101828417e+00
-1.243193358504395274e+00 2.764303906665645627e+00
-1.300053830069217931e+00 2.608014469306660921e+00
-1.343938498147338123e+00 2.449189441878903750e+00
-1.375109358843838336e+00 2.288878963288009771e+00
-1.393854057763243670e+00 2.128059042069050832e+00
-1.400479551642323184e+00 1.967640307270440703e+00
-1.395307425211002705e+00 1.808476156221351161e+00
-7.241312206265115847e-03 2.034186330791776243e-03
1.391809756844992751e-01 -3.260725498789929233e-02
2.893445734309287865e-01 -5.435460802196523389e-02
4.424932442316131809e-01 -6.257912810600529951e-02
5.977962587031537822e-01 -5.665321573139125988e-02
7.543373222202948147e-01 -3.595604917572137182e-02
9.111023547549085277e-01 1.182358311306863641e-04
1.066966222125524943e+00 5.214909284833613157e-02
1.220678669852073073e+00 1.206739344446914330e-01
1.370849946582948231e+00 2.061672289600628982e-01
1.515936955819817467e+00 3.090130410556441998e-01
1.654231280602061371e+00 4.294695926534171093e-01
1.783851124018194234e+00 5.676244033045900750e-01
1.902740122706837234e+00 7.233387982250818471e-01
2.008677102121608105e+00 8.961812355338352187e-01
2.099302041089421422e+00 1.085350255129090336e+00
2.172164526042251076e+00 1.289590179623112620e+00
2.224801285241501780e+00 1.507106229499956651e+00
2.254848195952561696e+00 1.735490405897751831e+00
2.260188455812564889e+00 1.971674701824056797e+00
2.239131589557126212e+00 2.211932330836786420e+00
2.190607737660008603e+00 2.451948077386432612e+00
2.114350214224072211e+00 2.686972554486458442e+00
2.011030882291123589e+00 2.912060415197789798e+00
1.882312944609840777e+00 3.122371319854365890e+00
1.730797953433413250e+00 3.313491425819800273e+00
1.559866656624650627e+00 3.481721621189777238e+00
1.373438938771925688e+00 3.624283522884784503e+00
1.175696267232673842e+00 3.739414598702518688e+00
9.708138257174045993e-01 3.826351241507322420e+00
7.627393618258049290e-01 3.885222159183506552e+00
5.550381143330915812e-01 3.916886753403428401e+00
3.508057965780611576e-01 3.922753427096556500e+00
1.526395720036025638e-01 3.904604973043055871e+00
-3.734848515522160017e-02 3.864447588697348834e+00
-2.174912003240382363e-01 3.804390507274303612e+00
-3.865124693111118281e-01 3.726556485286868892e+00
-5.434692386849112600e-01 3.633019569681002370e+00
-6.876953227424172921e-01 3.525765013797848013e+00
-8.187503928570721845e-01 3.406666082938271334e+00
-9.363755994476007372e-01 3.277473095280835302e+00
-1.040456106219399768e+00 3.139810919929316047e+00
-1.130990149716230686e+00 2.995182039573981214e+00
-1.208063915351742512e+00 2.844973058740421834e+00
-1.271831412174916576e+00 2.690463160831663370e+00
-1.322498540419485114e+00 2.532833491687657368e+00
-1.360310618626178414e+00 2.373176795660164373e+00
-1.385542734574446655e+00 2.212506878288049705e+00
-1.398492385940212746e+00 2.051767641908000428e+00
-1.399473971961729291e+00 1.891841557237208260e+00
-1.388814781832790057e+00 1.733557510956993619e+00
-1.366852197783156253e+00 1.577698018468811636e+00
-1.333931891333759445e+00 1.425005820908845866e+00
-1.290406841091195300e+00 1.276189901615873978e+00
-1.236637043550095072e+00 1.131930970754365440e+00
-1.172989816074772929e+00 9.928864497087321883e-01
-1.099840631725939044e+00 8.596950223281460968e-01
-1.017574434422961360e+00 7.329807697806649536e-01
-9.265874143419497999e-01 6.133569337107125374e-01
-8.272892360140430279e-01 5.014293275634680302e-01
-7.201057287056845668e-01 3.977994094477725895e-01
-6.054820596240072517e-01 3.030670142248392818e-01
-4.838864383689699400e-01 2.178327396899168988e-01
-3.558143829487317999e-01 1.426999361085132811e-01
-2.217936304653899127e-01 7.827626134651177736e-02
-8.238975353176603011e-02 2.517470567819657390e-02
6.178742968592332296e-02 -1.598603044401869511e-02
2.100765618427031800e-01 -4.458197239788219690e-02
3.617564764511488340e-01 -5.998534524118914746e-02
5.160368647580112489e-01 -6.156738273340822687e-02
6.720478117173456223e-01 -4.870286095278242300e-02
8.288281730897216759e-01 -2.077686029202352458e-02
9.853128372230191001e-01 2.280560107042228779e-02
1.140319034113995489e+00 8.260625435874580091e-02
1.292532042683016691e+00 1.591355942378118726e-01
1.440490933581755950e+00 2.528290321989590250e-01
1.582575404872221370e+00 3.640158299255988883e-01
1.716995360828576844e+00 4.928793593287865704e-01
1.841785683716954836e+00 6.394073164992468694e-01
1.954809662945911519e+00 8.033309245985047475e-01
2.053775720796720439e+00 9.840531154640241862e-01
2.136273231602777489e+00 1.180567459015642751e+00
2.199833992294276008e+00 1.391372491230822073e+00
2.242025613139349449e+00 1.614390207311758196e+00
2.260580836844091390e+00 1.846902554471242963e+00
2.253561582558635479e+00 2.085524720220349071e+00
2.219547861942448908e+00 2.326236756030531705e+00
2.157830515161436757e+00 2.564492640707058513e+00
2.068576036808944529e+00 2.795415609107431365e+00
1.952926693148778980e+00 3.014070211706666669e+00
1.813004752291135446e+00 3.215779330634027211e+00
1.651807494403884746e+00 3.396436702256934836e+00
1.473005086895066373e+00 3.552761249570985491e+00
1.280676702149262436e+00 3.682452345977931252e+00
1.079032036541234252e+00 3.784230216131208469e+00
8.721620147890306596e-01 3.857772571587664068e+00
6.638477567139532409e-01 3.903577284141668713e+00
4.574384749647717463e-01 3.922787227518730546e+00
2.557937354973582877e-01 3.917009201828020259e+00
6.127665487467603977e-02 3.888149120568576755e+00
-1.242181012999392653e-01 3.838275181180970996e+00
-2.992162368426037888e-01 3.769512417665238146e+00
-4.626070509429626165e-01 3.683966728232492382e+00
-6.135857238309500028e-01 3.583673833432002631e+00
-1.400431019378159281e+00 1.975660434580678082e+00
-1.395842560998972193e+00 1.816413858240964796e+00
-1.379772432841933405e+00 1.659186324448937988e+00
-1.352562125013849759e+00 1.504740672535127111e+00
-1.314560856385075471e+00 1.353802893142464825e+00
-1.266124937721369026e+00 1.207067894272048969e+00
-1.207617769312884448e+00 1.065204726482995135e+00
-1.139410408208044068e+00 9.288613731772215054e-01
-1.061882632872229948e+00 7.986690906012181568e-01
-9.754244792979295253e-01 6.752463646303283884e-01
-8.804382313440110019e-01 5.592025046786284204e-01
-7.773408661113349050e-01 4.511408931055294058e-01
-6.665669700471575920e-01 3.516618972339666804e-01
-5.485721595163063347e-01 2.613654406188086199e-01
-4.238370428450862759e-01 1.808532042976431775e-01
-2.928717866628688382e-01 1.107304210358499574e-01
-1.562213504003694409e-01 5.160718978167944115e-02
-1.447146901806939390e-02 4.099211045597961345e-03
1.317445288817243876e-01 -3.117219787043445933e-02
2.817379751753270600e-01 -5.358099975369690071e-02
4.347560973626105607e-01 -6.249850320774541501e-02
5.899721549431575784e-01 -5.729693572952454517e-02
7.464744250055181940e-01 -3.735496490208589648e-02
9.032540382292957304e-01 -2.065734434285815269e-03
1.059191758287878038e+00 4.915186666552129324e-02
1.213043946464159362e+00 1.168378077031198004e-01
1.363428184161719514e+00 2.014703065314520369e-01
1.508809371062080462e+00 3.034387318817253210e-01
1.647487613936965190e+00 4.230085993002909994e-01
1.777589908918154382e+00 5.602772160074438457e-01
1.897068523420602393e+00 7.151187429301986143e-01
2.003710087239380044e+00 8.871180781654741665e-01
2.095160601535912548e+00 1.075494275709483860e+00
2.168972606576980322e+00 1.279016485729054908e+00
2.222681111076397986e+00 1.495918871680859130e+00
2.253913787274087532e+00 1.723825601462824153e+00
2.260537383062542371e+00 1.959702220221670288e+00
2.240835457617627924e+00 2.199853949833896039e+00
2.193702454999034490e+00 2.439992135284269281e+00
2.118827649536219049e+00 2.675384137836186671e+00
2.016833776619130436e+00 2.901087651272399981e+00
1.889334669647372955e+00 3.112249375206011859e+00
1.738887801085515772e+00 3.304426721055269134e+00
1.568840049925511737e+00 3.473878990779476261e+00
1.383090764427628905e+00 3.617778397356167019e+00
1.185814932351986650e+00 3.734311004133366030e+00
9.811938183594610674e-01 3.822665041832235655e+00
7.731908504240738722e-01 3.882928019349777493e+00
5.653930585350376292e-01 3.915926989268060154e+00
3.609208127204613370e-01 3.923047130533675819e+00
1.623962395947136095e-01 3.906056299216905892e+00
-2.804505831779557923e-02 3.866952622773386139e+00
-2.087148126548158400e-01 3.807842546745153989e+00
-3.783186879936087932e-01 3.730849839183396188e+00
-5.358983028429290529e-01 3.638052106386084894e+00
