-3.296011177910529444e-02 1.515910439511081176e-02
-6.689443919393472937e-02 2.834100049864340942e-02
-1.017219263478823521e-01 3.954346554293430849e-02
-1.373638209505484431e-01 4.876316977423489352e-02
-1.737431951104255745e-01 5.599560099668088320e-02
-2.107844733059718867e-01 6.123499614519412049e-02
-2.484129806801753104e-01 6.447428365849239285e-02
-2.865544938706290901e-01 6.570503180063602677e-02
-3.251347910928146234e-01 6.491740299639459089e-02
-3.640791968193125561e-01 6.210011342961108127e-02
-4.033121070716381151e-01 5.724039820317528005e-02
-4.427565003629911899e-01 5.032398188206477219e-02
-4.823334138121274095e-01 4.133505598597708719e-02
-5.219613832871707881e-01 3.025626465807251808e-02
-5.615558351008864690e-01 1.706870097577251055e-02
-6.010284182960927701e-01 1.751917176875061877e-03
-6.402862644072440101e-01 -1.571604670479809229e-02
-6.792311593727168306e-01 -3.535860974265137013e-02
-7.177586095445056547e-01 -5.720056446988830423e-02
-7.557567803918309179e-01 -8.126794790097902066e-02
-7.931052823961193265e-01 -1.075878548626177933e-01
-8.296737736402226560e-01 -1.361881744841269004e-01
-8.653203431369528298e-01 -1.670972247913800057e-01
-8.998896280796493397e-01 -2.003432484677537539e-01
-9.332106189320977796e-01 -2.359537290603006543e-01
-1.142181582958151864e+00 -7.852525554007926401e-01
-5.771717114635579460e-01 -1.333594068515427500e+00
-4.770020248458235468e-01 -1.331563707214963976e+00
-3.778019605651019019e-01 -1.316426858555189039e+00
-2.825802898369192406e-01 -1.289694931630680275e+00
-1.935468068952312937e-01 -1.253371576674169319e+00
-1.120609872613859692e-01 -1.209569965152230253e+00
-3.876407776269930050e-02 -1.160249875356958338e+00
2.622267370768704975e-02 -1.107089745849759277e+00
8.311169615834146374e-02 -1.051456585310547753e+00
1.323058030160341181e-01 -9.944292163150870723e-01
1.743002180312357430e-01 -9.368426814568422412e-01
2.096208712345427605e-01 -8.793358400217939908e-01
2.387881772917860301e-01 -8.223941044250728805e-01
2.622974013492247458e-01 -7.663847733820791097e-01
2.806092731374548732e-01 -7.115849978174781931e-01
2.941466649905770669e-01 -6.582033953854969921e-01
3.032946970651969609e-01 -6.063965476158303947e-01
3.084026608032254257e-01 -5.562815181387740227e-01
3.097868047644755096e-01 -5.079453358574279598e-01
3.077334307261041513e-01 -4.614521856166411973e-01
3.025019928071362996e-01 -4.168488744613767505e-01
2.943280384577321440e-01 -3.741690016831391574e-01
2.834259157935955509e-01 -3.334361530500133952e-01
2.699912208281792791e-01 -2.946663583068772629e-01
2.542029851677469754e-01 -2.578699900784676702e-01
2.362256200525995053e-01 -2.230532397661214583e-01
2.162106355426509641e-01 -1.902192647383460500e-01
1.942981625923150268e-01 -1.593690911113792019e-01
1.706182983381457907e-01 -1.305023216688875332e-01
1.452922984173199428e-01 -1.036176959500814121e-01
1.184336364367134520e-01 -7.871353498420841088e-02
9.014894892314362362e-02 -5.578809617947677602e-02
6.053888205106960907e-02 -3.483985804824152321e-02
2.969885456014276226e-02 -1.586775002202045481e-02
-2.280250407451278605e-03 1.128660774259770960e-03
-3.531145328369394987e-02 1.614901652083022832e-02
-6.931109584552019864e-02 2.919204221938076493e-02
-1.041983003178971745e-01 4.025544018948312708e-02
-1.398944580687155881e-01 4.933580006395454909e-02
-1.763227511005002746e-01 5.642852387618191301e-02
-2.134076818757480454e-01 6.152775853622327595e-02
-2.510746218578364664e-01 6.462633860994615453e-02
-2.892493625327093865e-01 6.571573509720773920e-02
-3.278576651554414023e-01 6.478601016137819357e-02
-3.668248049462382032e-01 6.182577707312675308e-02
-4.060750944908884108e-01 5.682216579975296611e-02
-4.455313935419797922e-01 4.976079393251120475e-02
-4.851145824159734943e-01 4.062574472440649842e-02
-5.247429991681665795e-01 2.939955341368449826e-02
-5.643318275058200051e-01 1.606320439172259640e-02
-6.037924244335620694e-01 5.961425589248170454e-04
-6.430315743767751613e-01 -1.702369654065449822e-02
-6.819506542839759433e-01 -3.681983162871893533e-02
-7.204446914413971115e-01 -5.881714739134769054e-02
-7.584012923345279100e-01 -8.304176196732759863e-02
-1.142303161275044499e+00 -7.284159015058842002e-01
-1.141966866534168457e+00 -7.896013027744235302e-01
-1.135491081470585861e+00 -8.522872201323362651e-01
-1.122033510666876177e+00 -9.160001330443200418e-01
-1.100668825372355997e+00 -9.800816628925955731e-01
-1.070416956957935373e+00 -1.043632038991358479e+00
-1.030305366785606136e+00 -1.105448080766520125e+00
-9.794836049968481673e-01 -1.163969316784535746e+00
-9.174069779362289401e-01 -1.217260921034683419e+00
-8.440885919083718214e-01 -1.263080060501492685e+00
-7.603741150587062236e-01 -1.299077999695811281e+00
-6.681275575560734481e-01 -1.323155650366435454e+00
-5.701803215485276022e-01 -1.333898458039447066e+00
-4.699677946868385803e-01 -1.330915404266735713e+00
-3.709569747617522673e-01 -1.314907158415935751e+00
-2.761077730804610275e-01 -1.287433306903111196e+00
-1.875691455922931516e-01 -1.250516661658123141e+00
-1.066444586378659243e-01 -1.206266534406049473e+00
-3.393180925770428180e-02 -1.156625725293424223e+00
3.047664224099400077e-02 -1.103250940094458343e+00
8.681080906936533559e-02 -1.047487807580214536e+00
1.354827050331186555e-01 -9.903964785668355475e-01
1.769913683522083003e-01 -9.327966988165831141e-01
2.118632869686830622e-01 -8.753152414116928126e-01
2.406176016113258376e-01 -8.184281636346677491e-01
2.637473695468913748e-01 -7.624956038913939249e-01
2.817107195439684242e-01 -7.077892631823878844e-01
2.949278419812239038e-01 -6.545136201581711610e-01
3.037812648382722802e-01 -6.028221138132863199e-01
3.086178630408702439e-01 -5.528294202766078635e-01
3.097516805191758982e-01 -5.046207530353697956e-01
3.074670344008465506e-01 -4.582589158346088709e-01
3.020216070264161168e-01 -4.137896653910326794e-01
2.936493722664522688e-01 -3.712458035624595087e-01
2.825632850466209822e-01 -3.306503128661371083e-01
2.689577101254200242e-01 -2.920187695652870508e-01
2.530105920372193173e-01 -2.553612088594988672e-01
2.348853827012153950e-01 -2.206835749666332669e-01
2.147327458908754316e-01 -1.879888487562115795e-01
1.926920661818244396e-01 -1.572779352460261793e-01
1.688927827847653829e-01 -1.285503598504704748e-01
1.434555718958726578e-01 -1.018048193891014641e-01
1.164933975527185916e-01 -7.703961975863582445e-02
8.811244918042260288e-02 -5.425302531251996463e-02
5.841298198634470307e-02 -3.344353927820331585e-02
2.749007449065421493e-02 -1.461013019749957120e-02
-4.565684187210039546e-03 2.247583946111575415e-03
-3.766756611455890358e-02 1.712918480389757914e-02
-7.173212546349294616e-02 3.003332881008402566e-02
-1.066786600876573066e-01 4.095764293686943169e-02
-1.424287026014239288e-01 4.989863581712505880e-02
-1.789055426396354287e-01 5.685162339894933581e-02
-2.160337583989057619e-01 6.181066227912501709e-02
-2.537387654837945372e-01 6.476849290199759857e-02
-2.919463679825546887e-01 6.571648877708069492e-02
-3.305823079402948061e-01 6.464461161149892554e-02
-3.695718090270778688e-01 6.154137158885708558e-02
-4.088390979293996530e-01 5.639379340140271424e-02
-4.483069130689002479e-01 4.918738755617846348e-02
-4.878959751880579954e-01 3.990612897123468894e-02
-5.275244215176453366e-01 2.853244396458332055e-02
-5.671071898514523646e-01 1.504720829566486007e-02
-6.065553414865536563e-01 -5.702403265072097938e-04
-6.457753096323197717e-01 -1.834207057949632791e-02
-6.846680576131438656e-01 -3.829190040260455064e-02
-7.231281283814381400e-01 -6.044470598769002834e-02
-7.610425634102372383e-01 -8.482668566266704513e-02
-7.982896648192737699e-01 -1.114650637175342851e-01
-8.347375694553083036e-01 -1.403878142296344222e-01
-8.702425980906008940e-01 -1.716232788275126042e-01
-9.046473314620664397e-01 -2.051996396701913916e-01
-9.377783664621913706e-01 -2.411442056478962925e-01
-9.694436799369441360e-01 -2.794824394247423793e-01
-9.994295299235254060e-01 -3.202366415503088426e-01
-1.027496804047278722e+00 -3.634241691515326389e-01
-1.053376715215306181e+00 -4.090550241076991167e-01
-1.076765735766751497e+00 -4.571285836061361185e-01
-1.097319661264629875e+00 -5.076291605870699719e-01
-1.114646714074893019e+00 -5.605199641375239183e-01
-1.128299653590446816e+00 -6.157348702434345400e-01
-1.137766988227854492e+00 -6.731672011399423283e-01
-1.142463643561947961e+00 -7.326544412128486172e-01
-1.141721932676812212e+00 -7.939575006566699233e-01
-1.134784565201850892e+00 -8.567328326646117542e-01
-1.120802973345927267e+00 -9.204955808177509580e-01
-1.098846757756520409e+00 -9.845723701285243878e-01
-2.696667099098236098e-01 -1.285125120505012486e+00
-1.816292966576799617e-01 -1.247625683026163168e+00
-1.012686043074396136e-01 -1.202936660482361031e+00
-2.914059274977576219e-02 -1.152983303971119922e+00
3.469074889158774155e-02 -1.099400482177898208e+00
9.047212876360266609e-02 -1.043512582797306187e+00
1.386242968255265717e-01 -9.863613137106650441e-01
1.796498167185690553e-01 -9.287513604312489512e-01
2.140755663937855546e-01 -8.712976188626172513e-01
2.424193228021687130e-01 -8.144669624962406207e-01
2.651718933653092192e-01 -7.586125043923593880e-01
2.827887920708389569e-01 -7.040005996565463775e-01
2.956875293169064500e-01 -6.508316672195425534e-01
3.042480511715510705e-01 -5.992560636611319325e-01
3.088148301601584267e-01 -5.493861231438821324e-01
3.096997209959162500e-01 -5.013052782700657684e-01
3.071850714540803606e-01 -4.550749779425714570e-01
3.015268065447601620e-01 -4.107399485891571889e-01
2.929573398215669089e-01 -3.683322099911414682e-01
2.816882449876292327e-01 -3.278741532359864541e-01
2.679126662339149645e-01 -2.893809102455353610e-01
2.518074705095466603e-01 -2.528621858927060373e-01
2.335351588085540220e-01 -2.183236827535943725e-01
2.132455560395712935e-01 -1.857682095379329379e-01
1.910773069648069589e-01 -1.551965535823617293e-01
1.671591986874385594e-01 -1.266081656341793149e-01
1.416113331338174630e-01 -1.000017019399955798e-01
1.145461693858311758e-01 -7.537545497790543170e-02
8.606945390253473160e-02 -5.272769742242200408e-02
5.628105465214028325e-02 -3.205695832725508065e-02
2.527571331773159624e-02 -1.336224624820703255e-02
-6.856271912225542220e-03 3.356769231836143064e-03
-4.002842189028621434e-02 1.809960862217163680e-02
-7.415750053149805510e-02 3.086485927700988174e-02
-1.091629788339672502e-01 4.165007239103568626e-02
-1.449665282574359448e-01 5.045167521593540982e-02
-1.814915438095930367e-01 5.726489730188544236e-02
-2.186626772048484990e-01 6.208370464998425042e-02
-2.564053859195281615e-01 6.490074332695106030e-02
-2.946454844873025447e-01 6.570728913734602550e-02
-3.333086934588864736e-01 6.449320313593820408e-02
-3.723201826532187564e-01 6.124689224673840471e-02
-4.116040903812414053e-01 5.595527575016601141e-02
-4.510830311526962122e-01 4.860375696096386200e-02
-4.906775633492279631e-01 3.917620239724728393e-02
-5.303056203465073004e-01 2.765492944575342893e-02
-5.698818906937713757e-01 1.402070529372534402e-02
-6.093171362830713811e-01 -1.747239387719479176e-03
-6.485174349669258209e-01 -1.967117721966060717e-02
-6.873833317705292378e-01 -3.977482491503947504e-02
-7.258088799954278691e-01 -6.208324950675836451e-02
-7.636805500146934822e-01 -8.662272855317021403e-02
-8.008759792849667880e-01 -1.134205490662558713e-01
-8.372625318971114172e-01 -1.425047248099187147e-01
-8.726956303816670868e-01 -1.739036053907360158e-01
-9.070168107397281743e-01 -2.076453374868749702e-01
-9.400514537222363076e-01 -2.437571355820326024e-01
-9.716061185712520087e-01 -2.822642879641480418e-01
-1.001465408513843691e+00 -3.231888125813138224e-01
-1.029388276736764363e+00 -3.665476374776633905e-01
-1.055103672237569956e+00 -4.123501370194726512e-01
-1.078305416344548018e+00 -4.605947916732591185e-01
-1.098646201643768805e+00 -5.112646517556915793e-01
-1.115730625917641827e+00 -5.643211655102042812e-01
-1.129107234104996138e+00 -6.196957688486730564e-01
-1.138259676435493528e+00 -6.772784179245712188e-01
-1.142597362521363680e+00 -7.369019714531739318e-01
-1.141446504561239861e+00 -7.983210110503649037e-01
-1.134043369592527828e+00 -8.611833876321910441e-01
-1.119533160148817874e+00 -9.249926762247068224e-01
-1.096980548990240667e+00 -9.890602220749492579e-01
-1.065401776006203560e+00 -1.052447412367201851e+00
-1.023833092522948185e+00 -1.113903698648471385e+00
-9.714541801302984947e-01 -1.171815738829330433e+00
-9.077821629418101335e-01 -1.224198865257724922e+00
-8.329310009820525273e-01 -1.268779550085488150e+00
-7.478820070566580824e-01 -1.303219508185424980e+00
-6.546451126912367080e-01 -1.325489513891218163e+00
-5.561652673654299273e-01 -1.334302997613914910e+00
-4.559189095130157243e-01 -1.329425586489034972e+00
-3.573304568947301973e-01 -1.311698350527252144e+00
-2.632576797375937305e-01 -1.282771116024951086e+00
-1.757275636792794971e-01 -1.244699354851696249e+00
-9.593352082390210755e-02 -1.199580968022407212e+00
-2.439038646672092581e-02 -1.149323126026621456e+00
3.886511678256276969e-02 -1.095538781223809544e+00
9.409582024007101531e-02 -1.039531229005788315e+00
1.417307599240585914e-01 -9.823239656812191578e-01
