1.358724596461684531e-01 -3.385346764834684663e-02
2.752544707592691209e-01 -5.698824207460884139e-02
4.176747173698234228e-01 -6.899319675220150216e-02
5.626296612126658880e-01 -6.943701015170011814e-02
7.095759613127483600e-01 -5.786645973340354132e-02
8.579216039430459517e-01 -3.380504987994026322e-02
1.007015445418818267e+00 3.247849561048621325e-03
1.156134807449537449e+00 5.381708785792760352e-02
1.304470692172147617e+00 1.184506455781626499e-01
1.451110104249328403e+00 1.977167917580504586e-01
1.595014888219518312e+00 2.921986323165910449e-01
1.734996430220838937e+00 4.024848055193119833e-01
1.869685550287055076e+00 5.291545027394612966e-01
1.997497066814208022e+00 6.727542194248523622e-01
2.116588812631400529e+00 8.337624612689300552e-01
2.224815781061912467e+00 1.012537141690110110e+00
2.319681753378149303e+00 1.209238415859116067e+00
2.398293981618135007e+00 1.423717460035248461e+00
2.457332160934239784e+00 1.655359798615275935e+00
2.493052194423668766e+00 1.902871845337869239e+00
2.501358894632183194e+00 2.164004906262195327e+00
2.477998300360353845e+00 2.435228312483447954e+00
2.418932026122688761e+00 2.711401365272056108e+00
2.320943524199739372e+00 2.985556954373871363e+00
-1.098832747805568388e+00 3.040450021256919655e+00
-1.181644316870584355e+00 2.869761719893521246e+00
-1.248383822206989180e+00 2.697402964601984809e+00
-1.299899636748801157e+00 2.524670608487905810e+00
-1.337006029634414617e+00 2.352669934932075435e+00
-1.360476680069464983e+00 2.182349787016888865e+00
-1.371042210947603479e+00 2.014531306116012388e+00
-1.369390244766380604e+00 1.849931417694364200e+00
-1.356167004541603660e+00 1.689182042002744799e+00
-1.331979823675238706e+00 1.532845853095230693e+00
-1.297400156593695453e+00 1.381429262295311933e+00
-1.252966833223872367e+00 1.235393174202756184e+00
-1.199189400685981344e+00 1.095161956476461196e+00
-1.136551462147307845e+00 9.611309775096836816e-01
-1.065513967073894896e+00 8.336729960566731101e-01
-9.865184367960619927e-01 7.131436309668068851e-01
-8.999901290958418620e-01 5.998860942465724655e-01
-8.063411628919889829e-01 4.942353392293958869e-01
-7.059736234467093308e-01 3.965217339050219891e-01
-5.992826991720197061e-01 3.070743738279002599e-01
-4.866598813078677477e-01 2.262240971594402517e-01
-3.684962877135091741e-01 1.543062758728193096e-01
-2.451861649174174040e-01 9.166342821770889771e-02
-1.171306540217573744e-01 3.864769931560596561e-02
1.525811988941450092e-02 -4.376776309566121625e-03
1.515525121055392166e-01 -3.703160232651159234e-02
2.913042735956740126e-01 -5.892194638298953180e-02
4.340387715164645277e-01 -6.963447937604305693e-02
5.792483456109461804e-01 -6.873547045560579605e-02
7.263845943971429797e-01 -5.576911225441483211e-02
8.748493407335555805e-01 -3.025619657900957549e-02
1.023983972610008841e+00 8.306674141978831472e-03
1.173056791104571950e+00 6.044706097007823686e-02
1.321247923836169624e+00 1.267154346583132529e-01
1.467631282047964003e+00 2.076820853188068305e-01
1.611152961173373255e+00 3.039313041340476751e-01
1.750605429596527873e+00 4.160515386124470361e-01
1.884596836226848815e+00 5.446196207852875837e-01
2.011514945552227207e+00 6.901763644289065081e-01
2.129485543376159029e+00 8.531896013696100844e-01
2.236326133950675921e+00 1.033999192090583996e+00
2.329497553881654692e+00 1.232736508206414783e+00
2.406059576480770623e+00 1.449208643073050640e+00
2.462642591209736054e+00 1.682735815633963794e+00
2.495457189326545144e+00 1.931930898611657677e+00
2.500377603552182748e+00 2.194416553560969874e+00
2.473151497360535522e+00 2.466494762179460842e+00
2.409798825765799624e+00 2.742824378721522738e+00
2.307245334930486891e+00 3.016228000981376667e+00
2.164159796559646853e+00 3.277820063867803224e+00
1.981812089458773185e+00 3.517657315505504201e+00
1.764601230724671010e+00 3.725965263502427405e+00
1.519882643803017297e+00 3.894675722711705035e+00
1.256990959682254605e+00 4.018719262492324695e+00
9.857852556869868277e-01 4.096553228586342854e+00
7.152821113177330048e-01 4.129807773390021808e+00
4.527973031902823298e-01 4.122362243861658726e+00
2.036761902560033644e-01 4.079302586905809491e+00
-2.855443957831815815e-02 4.006071631091401741e+00
-2.418366688563955424e-01 3.907915270169071142e+00
-4.351978350687515373e-01 3.789590969578609858e+00
-6.084161244063932550e-01 3.655258186349236382e+00
-7.617613110389975795e-01 3.508475350097740808e+00
-8.958073581366818861e-01 3.352249906170121196e+00
-1.011303108836096420e+00 3.189108882474924744e+00
-1.109086068146933002e+00 3.021172407177657337e+00
-1.190026597075547699e+00 2.850221820355504310e+00
-1.254992910622938496e+00 2.677759169068782974e+00
-1.304830004184400760e+00 2.505057525685189468e+00
-1.340347766741734947e+00 2.333202745664364919e+00
-1.362315048080640079e+00 2.163127811395606948e+00
-1.371457542948426145e+00 1.995640919096945520e+00
-1.368458064285999587e+00 1.831448432047593222e+00
-1.353958274438025189e+00 1.671173660218286283e+00
-1.328561269137267242e+00 1.515372272209471571e+00
1.672772916241778152e-01 -4.007058646050642992e-02
3.073926741649724015e-01 -6.071115839539142911e-02
4.504348682015930638e-01 -7.012566394650932011e-02
5.958919920210506982e-01 -6.787794116543777179e-02
7.432104671533896756e-01 -5.350958054268284414e-02
8.917858156234290679e-01 -2.653865082313178192e-02
1.040951793990336549e+00 1.354101308025512651e-02
1.189967488207124724e+00 6.725966844736763761e-02
1.338001918744851526e+00 1.351702371934240254e-01
1.484115624882570650e+00 2.178449566418287908e-01
1.627238619928770724e+00 3.158691779069244809e-01
1.766144058403916306e+00 4.298309567812830245e-01
1.899416951866834236e+00 5.603044544246396086e-01
2.025417472508562966e+00 7.078243308891589702e-01
2.142238757869789012e+00 8.728470411076916236e-01
2.247660191464733170e+00 1.055693362049984430e+00
2.339099078939884002e+00 1.256464397314613679e+00
2.413567326183541972e+00 1.474921067763439009e+00
2.467646103157940640e+00 1.710315443048961326e+00
2.497501711606966879e+00 1.961163185091551853e+00
2.498980446521439802e+00 2.224953983456356976e+00
2.467836695746408182e+00 2.497818174345032727e+00
2.400156965555816146e+00 2.774211456538865139e+00
2.293020309395926049e+00 3.046747554341128872e+00
2.145350594315159842e+00 3.306376618693705360e+00
1.958757168700594686e+00 3.543103242578084178e+00
1.737999600020043944e+00 3.747268499571018818e+00
1.490720946123338386e+00 3.911090774559698779e+00
1.226392243410841409e+00 4.029892413560975939e+00
9.548386659827241552e-01 4.102523935416748202e+00
6.849150798918123284e-01 4.130923807927321612e+00
4.237169126974067446e-01 4.119159428210382501e+00
1.763695246424596963e-01 4.072394818833071639e+00
-5.378669393560286949e-02 3.996072806008997613e+00
-2.648360958878268612e-01 3.895394283536709246e+00
-4.559069135200075618e-01 3.775051656104319253e+00
-6.268448551725966933e-01 3.639134816218653867e+00
-7.779625018190730046e-01 3.491136419269243341e+00
-9.098592839103625263e-01 3.334005562647042176e+00
-1.023297800853250727e+00 3.170219356135441480e+00
-1.119121642779211889e+00 3.001856120392389471e+00
-1.198202378163893300e+00 2.830662614179002112e+00
-1.261406436796630448e+00 2.658112481693084561e+00
-1.309575286144512241e+00 2.485455553380470750e+00
-1.343514360620158943e+00 2.313758699384572015e+00
-1.363987654698679552e+00 2.143939403375916264e+00
-1.371715939482484714e+00 1.976793212146388701e+00
-1.367377241366553697e+00 1.813016168729640665e+00
-1.351608695834069174e+00 1.653223171372473210e+00
-1.325009200620930194e+00 1.497963046911312990e+00
-1.288142500103793608e+00 1.347730983721506792e+00
-1.241540470535454688e+00 1.202978846189092232e+00
-1.185706467121027341e+00 1.064123790481115606e+00
-1.121118654582992313e+00 9.315555184056469873e-01
-1.048233283267765437e+00 8.056424395663950300e-01
-9.674878999890630382e-01 6.867369589440137645e-01
-8.793045011621754004e-01 5.751800646093658820e-01
-7.840926505959568971e-01 4.713053586770765691e-01
-6.822525884449393008e-01 3.754426410394593461e-01
-5.741783775480324703e-01 2.879211474211764710e-01
-4.602611267019116603e-01 2.090725088690890132e-01
-3.408923505031578038e-01 1.392334988686361186e-01
-2.164675198606333950e-01 7.874861029088586761e-02
-8.738990225092746478e-02 2.797251167317593712e-02
4.592526469017987889e-02 -1.272761571016856053e-02
1.830461199087496382e-01 -4.296982521061298854e-02
3.235189503003788047e-01 -6.235525445386613796e-02
4.668622308251878517e-01 -7.046609534084646853e-02
6.125597570895382482e-01 -6.686373346419083319e-02
7.600526549855188829e-01 -5.108714049615548092e-02
9.087300056204679066e-01 -2.265165260950485759e-02
1.057917767755036431e+00 1.895166141818682704e-02
1.206865613747205135e+00 7.425573729220724672e-02
1.354731219479671456e+00 1.438159057605115088e-01
1.500561467969955487e+00 2.282062725966835792e-01
1.643269952315073557e+00 3.280131175906269014e-01
1.781610104338059886e+00 4.438238894235317922e-01
1.914143328828680879e+00 5.762097553155585139e-01
2.039201657689426739e+00 7.256987259806302326e-01
2.154844973274803621e+00 8.927351445949573971e-01
2.258813906951934403e+00 1.077619629352840613e+00
2.348481660061079168e+00 1.280421470512430382e+00
2.420811919482373398e+00 1.500853248066359891e+00
2.472336801066505441e+00 1.738095945593314706e+00
2.499179484957078312e+00 1.990564254355465579e+00
2.497161206788367060e+00 2.255610520068032976e+00
2.462048508617900922e+00 2.529189220239400626e+00
2.390003021438434683e+00 2.805550515288879332e+00
2.278268337581935477e+00 3.077101330912312083e+00
2.126034700027625401e+00 3.334636762247765063e+00
1.935257362175939022e+00 3.568126152238042970e+00
1.711053079099675855e+00 3.768046729342263035e+00
1.461338462635918045e+00 3.926919886266746040e+00
1.195701235934650608e+00 4.040465288221904316e+00
9.239151080339711442e-01 4.107920516935269717e+00
6.546630077560089411e-01 4.131519442104334416e+00
3.948175151953480233e-01 4.115503855076494411e+00
1.492866338115746982e-01 4.065105207283947308e+00
-7.877082174425575900e-02 3.985759648891218809e+00
-2.875764750018501292e-01 3.882619720771626426e+00
-4.763552146799423515e-01 3.760311630567626295e+00
-6.450170391552496607e-01 3.622855828108868081e+00
-7.939150250159670019e-01 3.473679920032684443e+00
-9.236724871255783675e-01 3.315675597573758182e+00
-1.321324424883036031e+00 1.480618873500155974e+00
-1.283324539293137612e+00 1.330987852199212229e+00
-1.235647932732284904e+00 1.186885791259154388e+00
-1.178794929125884572e+00 1.048726382249063560e+00
-1.113241037570539937e+00 9.168966135659817329e-01
-1.039440221155412569e+00 7.917628230820303870e-01
-9.578281005920679103e-01 6.736758980562460586e-01
-8.688251019898189931e-01 5.629757928811209844e-01
-7.728395719668281760e-01 4.599955038883001279e-01
-6.702708888908197604e-01 3.650646096496834581e-01
-5.615126152080611721e-01 2.785124735130510842e-01
-4.469557334239984137e-01 2.006711763014474847e-01
-3.269920252794573656e-01 1.318782423778195323e-01
-2.020176473949588658e-01 7.247919932614133032e-02
-7.243701153753834276e-02 2.283002306496006995e-02
6.133299896290056452e-02 -1.670053812256266923e-02
1.988583141616419026e-01 -4.572872060337918043e-02
3.396823742076264807e-01 -6.385360744983303860e-02
4.833200758545481701e-01 -7.065511470782448455e-02
6.292507890005379911e-01 -6.569215458819455122e-02
7.769102230291635713e-01 -4.850106393927866577e-02
9.256808753193586092e-01 -1.859443787390224756e-02
1.074880737127552166e+00 2.453941803793613374e-02
1.223749864681707988e+00 8.143609781202743036e-02
1.371434346922692837e+00 1.526532952414680899e-01
1.516967120444013162e+00 2.387669006704999930e-01
1.659245009909164903e+00 3.403639812959986521e-01
1.797001317666243381e+00 4.580311596855275447e-01
1.928773354232990123e+00 5.923362625506114476e-01
2.052864458717763796e+00 7.438001349176819321e-01
2.167300646124240338e+00 9.128542402193615679e-01
2.269783165551165105e+00 1.099777916247334897e+00
2.357640555694048068e+00 1.304607031723439503e+00
2.427787973702143720e+00 1.527003576649861527e+00
2.476708731843016764e+00 1.766074416000868119e+00
2.500484212246116833e+00 2.020129428610722755e+00
2.494913716229874012e+00 2.286379203920886560e+00
2.455781708889837933e+00 2.560598253816179337e+00
2.379333877089842009e+00 2.836829177849642836e+00
2.262989768566354698e+00 3.107274871797832905e+00
2.106217010087141794e+00 3.362585518399672235e+00
1.911322292992206462e+00 3.592712831226387848e+00
1.683774912430919812e+00 3.788290740031269088e+00
1.431749959203726386e+00 3.942159101293035928e+00
1.164931979195042988e+00 4.050439025889379430e+00
8.930263214683188400e-01 4.112747961008479614e+00
6.245346918227371313e-01 4.131601899529934840e+00
3.661050661912619297e-01 4.111403582080378705e+00
1.224311181821077232e-01 4.057441688045391182e+00
-1.035049922881403628e-01 3.975139445062081833e+00
-3.100572157726630973e-01 3.869597996216445512e+00
-4.965429699796108931e-01 3.745376401764649810e+00
-6.629334236663546598e-01 3.606425886642719014e+00
-8.096199309925251608e-01 3.456109774146554958e+00
-9.372481783556190216e-01 3.297263300202461611e+00
