-1.401991091086472352e+01 3.544331570287113209e+00
-2.811358228711230822e+01 6.903185718049144270e+00
-4.227942017429268162e+01 1.007570212592759162e+01
-5.651580880221138159e+01 1.306104244759217181e+01
-7.082111586291728145e+01 1.585839191080117416e+01
-8.519369137184423835e+01 1.846695936087940026e+01
-9.963186783267082092e+01 2.088597762051040263e+01
-1.141339604098287737e+02 2.311470384736708183e+01
-1.286982671087500876e+02 2.515241988936963935e+01
-1.433230689638797344e+02 2.699843263734419452e+01
-1.580066302345438203e+02 2.865207437486674280e+01
-1.727471986086684410e+02 3.011270312506121627e+01
-1.875430054144432575e+02 3.137970299412495478e+01
-2.023922658399250167e+02 3.245248451135398682e+01
-2.172931791606505385e+02 3.333048496543301553e+01
-2.322439289752510945e+02 3.401316873675500574e+01
-2.472426834491129171e+02 3.450002762553413049e+01
-2.622875955660875320e+02 3.479058117547515394e+01
-2.773768033882839177e+02 3.488437699275868908e+01
-2.925084303239046903e+02 3.478099106009699426e+01
-3.076805854031791796e+02 3.448002804562679557e+01
-3.228913635623395066e+02 3.398112160638606838e+01
-3.381388459356498970e+02 3.328393468614012818e+01
-3.534211001554780296e+02 3.238815980730328192e+01
-3.687361806603473724e+02 3.129351935672207219e+01
-3.840821290109805659e+02 2.999976586506613785e+01
-3.994569742142643918e+02 2.850668227958954049e+01
-4.148587330550998331e+02 2.681408223001676561e+01
-4.302854104360973224e+02 2.492181028730669823e+01
-4.457349997250316846e+02 2.282974221506196955e+01
-4.612054831100058436e+02 2.053778521333879326e+01
-4.766948319622683812e+02 1.804587815461127320e+01
-4.922010072065594386e+02 1.535399181167031202e+01
-5.077219596989334605e+02 1.246212907720928342e+01
-5.232556306119616920e+02 9.370325174867048190e+00
-5.387999518271877832e+02 6.078647861506624395e+00
-5.543528463347607840e+02 2.587197620491906491e+00
-5.699122286400902340e+02 -1.103892154246977952e+00
-5.854760051774521799e+02 -4.994454983592049757e+00
-6.010420747303472808e+02 -9.084291138262869936e+00
-6.166083288585413129e+02 -1.337316748370631103e+01
-6.321726523315895747e+02 -1.786081733505466218e+01
-6.477329235687294613e+02 -2.254694032235533996e+01
-6.632870150849505535e+02 -2.743120226626274416e+01
-6.788327939431032974e+02 -3.251323506438939148e+01
-6.943681222118536880e+02 -3.779263658850072716e+01
-7.098908574293053562e+02 -4.326897059272346269e+01
-7.253988530721148891e+02 -4.894176663295411345e+01
-7.408899590298850626e+02 -5.481051999762303240e+01
-7.563620220846532902e+02 -6.087469164997673943e+01
-7.718128863952554184e+02 -6.713370818203179624e+01
-7.872403939863606865e+02 -7.358696178034369950e+01
-8.026423852419363811e+02 -8.023381020372244166e+01
-8.180166994029582384e+02 -8.707357677304094068e+01
-8.333611750690834015e+02 -9.410555037323297256e+01
-8.486736507040845936e+02 -1.013289854676147570e+02
-8.639519651447740216e+02 -1.087431021246168257e+02
-8.791939581132157855e+02 -1.163470860570434979e+02
-8.943974707318925539e+02 -1.241400886739145335e+02
-9.095603460416527923e+02 -1.321212271449992386e+02
-9.246804295221222674e+02 -1.402895844780882726e+02
-9.397555696143192563e+02 -1.486442096090675022e+02
-9.547836182452197136e+02 -1.571841175048475634e+02
-9.697624313539650984e+02 -1.659082892791730046e+02
-9.846898694194719610e+02 -1.748156723213614896e+02
-9.995637979891195073e+02 -1.839051804379687383e+02
-1.014382088208253776e+03 -1.931756940073987607e+02
-1.029142617350207047e+03 -2.026260601474541545e+02
-1.043843269346555644e+03 -2.122550928958200984e+02
-1.058481935317286116e+03 -2.220615734034379329e+02
-1.073056514100625236e+03 -2.320442501407642339e+02
-1.087564912782182091e+03 -2.422018391168419384e+02
-1.102005047223147812e+03 -2.525330241111503256e+02
-1.116374842587205421e+03 -2.630364569181404022e+02
-1.130672233865908311e+03 -2.737107576044215875e+02
-1.144895166402156974e+03 -2.845545147784580422e+02
-1.159041596411531827e+03 -2.955662858727246203e+02
-1.173109491501146067e+03 -3.067445974381837459e+02
-1.187096831185723204e+03 -3.180879454509736206e+02
-1.201001607400613011e+03 -3.295947956311824782e+02
-1.214821825011423243e+03 -3.412635837735510904e+02
-1.228555502319998823e+03 -3.530927160899791488e+02
-1.242200671566427445e+03 -3.650805695636502151e+02
-1.255755379426801028e+03 -3.772254923146242618e+02
-1.269217687506416269e+03 -3.895258039766938509e+02
-1.282585672828164661e+03 -4.019797960853481982e+02
-1.295857428315779543e+03 -4.145857324765981957e+02
-1.309031063271720541e+03 -4.273418496965148279e+02
-1.322104702713288361e+03 -4.402463562890491175e+02
-1.335076493501248933e+03 -4.532974388687421197e+02
-1.347944593666114997e+03 -4.664932514726203863e+02
-1.360707183357221538e+03 -4.798319264394824586e+02
-1.373362461159987561e+03 -4.933115708105725616e+02
-1.385908644210830289e+03 -5.069302664196724209e+02
-1.398343969333377117e+03 -5.206860710988443088e+02
-1.410666693326480981e+03 -5.345770190228498677e+02
-1.422875093381681154e+03 -5.486011212039766178e+02
-1.434967467492720516e+03 -5.627563659949826160e+02
-1.446942134856931034e+03 -5.770407195998996031e+02
-1.458797436268227102e+03 -5.914521265923464171e+02
-1.470531734501563960e+03 -6.059885104411140446e+02
-1.482143414688599023e+03 -6.206477740426400942e+02
-1.493630884684411512e+03 -6.354278002601159869e+02
-1.504992575425076438e+03 -6.503264524688765960e+02
-1.516226941275916033e+03 -6.653415751077482128e+02
-1.527332460370273566e+03 -6.804709942360418609e+02
-1.538307634938636511e+03 -6.957125180958457804e+02
-1.549150991627984240e+03 -7.110639376793096744e+02
-1.559861081811168788e+03 -7.265230273005231538e+02
-1.570436481886265483e+03 -7.420875451717447504e+02
-1.580875793565702224e+03 -7.577552339835403927e+02
-1.591177644155103280e+03 -7.735238214885716843e+02
-1.601340686821697545e+03 -7.893910210886215282e+02
-1.611363600852243962e+03 -8.053545324245872052e+02
-1.621245091900334046e+03 -8.214120419690191284e+02
-1.630983892223026032e+03 -8.375612236209167349e+02
-1.640578760906739262e+03 -8.537997393024318171e+02
-1.650028484082331033e+03 -8.701252395571068519e+02
-1.659331875129311356e+03 -8.865353641493284158e+02
-1.668487774869163331e+03 -9.030277426646612184e+02
-1.759164682888531843e+03 -1.089186341012014282e+03
-1.766470475912552047e+03 -1.106477988326113518e+03
-1.773616273548305799e+03 -1.123820420587397621e+03
-1.780601314973056560e+03 -1.141211187616049074e+03
-1.787424868395715293e+03 -1.158647837940990257e+03
-1.794086231077086723e+03 -1.176127919370566815e+03
-1.800584729339814658e+03 -1.193648979558907058e+03
-1.806919718568115513e+03 -1.211208566567678190e+03
-1.813090583197417345e+03 -1.228804229422980825e+03
-1.819096736694024457e+03 -1.246433518667164435e+03
-1.824937621524920814e+03 -1.264093986905284055e+03
-1.830612709117862778e+03 -1.281783189346028848e+03
-1.836121499811868034e+03 -1.299498684336834458e+03
-1.841463522798273516e+03 -1.317238033893022020e+03
-1.846638336052478735e+03 -1.334998804220710554e+03
-1.851645526256545509e+03 -1.352778566233330821e+03
-1.856484708712806878e+03 -1.370574896061559230e+03
-1.861155527248638009e+03 -1.388385375556440067e+03
-1.865657654112562341e+03 -1.406207592785580800e+03
-1.869990789861857593e+03 -1.424039142522201473e+03
-1.874154663241838080e+03 -1.441877626726924063e+03
-1.878149031056986587e+03 -1.459720655022115807e+03
-1.881973678034111344e+03 -1.477565845158637785e+03
-1.885628416677726818e+03 -1.495410823474918288e+03
-1.889113087117824762e+03 -1.513253225348158821e+03
-1.892427556950232884e+03 -1.531090695637585213e+03
-1.895571721069756222e+03 -1.548920889119631966e+03
-1.898545501496282668e+03 -1.566741470914949787e+03
-1.901348847194056816e+03 -1.584550116907148549e+03
-1.903981733884315418e+03 -1.602344514153176760e+03
-1.906444163851478606e+03 -1.620122361285271836e+03
-1.908736165743098354e+03 -1.637881368904380679e+03
-1.910857794363769699e+03 -1.655619259965042602e+03
-1.912809130463191650e+03 -1.673333770151608405e+03
-1.914590280518593318e+03 -1.691022648245797427e+03
-1.916201376511715353e+03 -1.708683656485521624e+03
-1.917642575700555881e+03 -1.726314570914951673e+03
-1.918914060386077381e+03 -1.743913181725815321e+03
-1.920016037674078689e+03 -1.761477293589865212e+03
-1.920948739232429489e+03 -1.779004725982531454e+03
-1.921712421043871927e+03 -1.796493313497754343e+03
-1.922307363154581708e+03 -1.813940906153970445e+03
-1.922733869418694212e+03 -1.831345369691288852e+03
-1.922992267238988461e+03 -1.848704585859845793e+03
-1.923082907303920365e+03 -1.866016452699352840e+03
-1.923006163321211261e+03 -1.883278884809886222e+03
-1.922762431748170002e+03 -1.900489813613927709e+03
-1.922352131518950500e+03 -1.917647187609684806e+03
-1.921775703768923904e+03 -1.934748972615756202e+03
-1.921033611633617056e+03 -1.951793150413418061e+03
-1.920126339678805834e+03 -1.968777725277753689e+03
-1.919054394022618453e+03 -1.985700714847114796e+03
-1.917818301797956792e+03 -2.002560156496607533e+03
-1.916418610924055884e+03 -2.019354106016711512e+03
-1.914855889817412390e+03 -2.036080637807022640e+03
-1.913130727101087814e+03 -2.052737845061755252e+03
-1.911243731312560158e+03 -2.069323839947068791e+03
-1.909195530610282731e+03 -2.085836753770267933e+03
-1.906986772479116553e+03 -2.102274737141036894e+03
-1.904618123434801419e+03 -2.118635960124699977e+03
-1.902090268727610692e+03 -2.134918612387696612e+03
-1.899403912045357174e+03 -2.151120903335267030e+03
-1.896559775215892387e+03 -2.167241062241533655e+03
-1.893558597909245236e+03 -2.183277338372025952e+03
-1.890401137339550587e+03 -2.199228001098766981e+03
-1.887088167966907349e+03 -2.215091340008019415e+03
-1.883620481199293863e+03 -2.230865665000820627e+03
-1.879998885094692014e+03 -2.246549306386375065e+03
-1.876224204063528305e+03 -2.262140614968474438e+03
-1.872297278571580136e+03 -2.277637962124996193e+03
-1.868218964843460071e+03 -2.293039739880634443e+03
-1.813625661527050852e+03 -2.455712667711236918e+03
-1.807802809903057096e+03 -2.469849777171593814e+03
-1.801841001855812465e+03 -2.483872313908802425e+03
-1.795741283688024396e+03 -2.497778963129577278e+03
-1.789504713156399248e+03 -2.511568431047051945e+03
-1.783132359198377799e+03 -2.525239444861592347e+03
-1.776625301661022149e+03 -2.538790752736905233e+03
-1.769984631032124071e+03 -2.552221123771591465e+03
-1.763211448173587087e+03 -2.565529347966249588e+03
-1.756306864057142320e+03 -2.578714236186257949e+03
-1.749271999502461767e+03 -2.591774620120345389e+03
-1.742107984917698104e+03 -2.604709352235105143e+03
-1.734815960042521510e+03 -2.617517305725526967e+03
-1.727397073693683524e+03 -2.630197374461701656e+03
-1.719852483513166135e+03 -2.642748472931791639e+03
-1.712183355718931125e+03 -2.655169536181411331e+03
-1.704390864858336954e+03 -2.667459519749502761e+03
-1.696476193564229561e+03 -2.679617399600850149e+03
-1.688440532313769836e+03 -2.691642172055313495e+03
-1.680285079189985026e+03 -2.703532853713941222e+03
-1.672011039646123663e+03 -2.715288481382016471e+03
-1.663619626272784899e+03 -2.726908111989200279e+03
-1.655112058567890472e+03 -2.738390822506837594e+03
-1.646489562709491565e+03 -2.749735709862551630e+03
-1.637753371331434209e+03 -2.760941890852243432e+03
-1.628904723301904596e+03 -2.772008502049578055e+03
-1.619944863504861132e+03 -2.782934699713072405e+03
-1.610875042624378693e+03 -2.793719659690875233e+03
-1.601696516931887345e+03 -2.804362577323363439e+03
-1.592410548076343048e+03 -2.814862667343617431e+03
-1.583018402877319659e+03 -2.825219163775899688e+03
-1.573521353121026550e+03 -2.835431319832220197e+03
-1.563920675359261168e+03 -2.845498407807078365e+03
-1.554217650711288115e+03 -2.855419718970480972e+03
-1.544413564668659092e+03 -2.865194563459314850e+03
-1.534509706902946618e+03 -2.874822270167174793e+03
-1.524507371076408162e+03 -2.884302186632727171e+03
-1.514407854655574283e+03 -2.893633678926685207e+03
-1.504212458727730564e+03 -2.902816131537496403e+03
-1.493922487820313563e+03 -2.911848947255813073e+03
-1.483539249723206467e+03 -2.920731547057809621e+03
-1.473064055313888957e+03 -2.929463369987470287e+03
-1.462498218385487235e+03 -2.938043873037860067e+03
-1.451843055477648704e+03 -2.946472531031521612e+03
-1.441099885710284525e+03 -2.954748836500001744e+03
-1.430270030620114994e+03 -2.962872299562643093e+03
-1.419354814000029364e+03 -2.970842447804660878e+03
-1.408355561741248948e+03 -2.978658826154593953e+03
-1.397273601678222349e+03 -2.986320996761213792e+03
-1.386110263436327386e+03 -2.993828538869900058e+03
-1.374866878282250127e+03 -3.001181048698621453e+03
-1.363544778977108081e+03 -3.008378139313510474e+03
-1.352145299632234583e+03 -3.015419440504154863e+03
-9.939146854327680103e+02 -3.150756387073722181e+03
-9.808156694670342404e+02 -3.153029699275215535e+03
-9.676806300882092273e+02 -3.155143361780827036e+03
-9.545108831773202382e+02 -3.157097474366237293e+03
-9.413077425377929330e+02 -3.158892149543554297e+03
-9.280725198260066691e+02 -3.160527512451305483e+03
-9.148065244835187286e+02 -3.162003700745339302e+03
