-1.402055909278863055e+01 3.546095286923673484e+00
-2.811492995649518889e+01 6.906679518808459761e+00
-4.228151820692505680e+01 1.008089151259355276e+01
-5.651870760014423922e+01 1.306789206813323290e+01
-7.082486533694850550e+01 1.586686557887628624e+01
-8.519834091746588456e+01 1.847702007421526105e+01
-9.963746630618345534e+01 2.089758757994400185e+01
-1.141405561046628918e+02 2.312782447654581119e+01
-1.287059077319868265e+02 2.516701185510078176e+01
-1.433318016130181718e+02 2.701445587059220088e+01
-1.580165013745039460e+02 2.866948809238215290e+01
-1.727582540490814722e+02 3.013146585164281532e+01
-1.875552902872176446e+02 3.139977258549652106e+01
-2.024058245771315114e+02 3.247381817765426604e+01
-2.173080554727285971e+02 3.335303929530027744e+01
-2.322601658295684501e+02 3.403689972200231750e+01
-2.472603230488912800e+02 3.452489068639852121e+01
-2.623066793297161894e+02 3.481653118643021116e+01
-2.773973719290381723e+02 3.491136830887444376e+01
-2.925305234300872712e+02 3.480897754393845389e+01
-3.077042420187153766e+02 3.450896309466884304e+01
-3.229166217678232442e+02 3.401095818093722301e+01
-3.381657429298866191e+02 3.331462533774788426e+01
-3.534496722375138233e+02 3.241965670763988783e+01
-3.687664632120316810e+02 3.132577432691437025e+01
-3.841141564800551578e+02 3.003273040546787342e+01
-3.994907800980147385e+02 2.854030759996499000e+01
-4.148943498845869726e+02 2.684831928012022217e+01
-4.303228697609611118e+02 2.495660978784212602e+01
-4.457743320989195581e+02 2.286505468899190419e+01
-4.612467180766274168e+02 2.057356101752634459e+01
-4.767379980420760148e+02 1.808206751177567639e+01
-4.922461318840955755e+02 1.539054484262737788e+01
-5.077690694108594016e+02 1.249899583337241893e+01
-5.233047507357545101e+02 9.407455670993840613e+00
-5.388511066705575558e+02 6.115992108652562820e+00
-5.544060591257701844e+02 2.624705659159417337e+00
-5.699675215180197938e+02 -1.066270220801243340e+00
-5.855333991843853028e+02 -4.956768955909183205e+00
-6.011015898035351483e+02 -9.046590687125672048e+00
-6.166699838235173274e+02 -1.333550211650140227e+01
-6.322364648960691511e+02 -1.782323636207570416e+01
-6.477989103172972136e+02 -2.250949282308397414e+01
-6.633551914745398790e+02 -2.739393705564566517e+01
-6.789031742992940508e+02 -3.247620065915066334e+01
-6.944407197259712348e+02 -3.775588117350821449e+01
-7.099656841563546550e+02 -4.323254198744598398e+01
-7.254759199295358485e+02 -4.890571225803637390e+01
-7.409692757971452011e+02 -5.477488684160698540e+01
-7.564435974036875905e+02 -6.083952623620143640e+01
-7.718967277717388242e+02 -6.709905653573855489e+01
-7.873265077918358656e+02 -7.355286939601842278e+01
-8.027307767168003920e+02 -8.020032201271101258e+01
-8.181073726602860461e+02 -8.704073711145224479e+01
-8.334541330993183692e+02 -9.407340295017820608e+01
-8.487688953805708252e+02 -1.012975733337971178e+02
-8.640494972301628422e+02 -1.087124676413184261e+02
-8.792937772666908813e+02 -1.163172708655149563e+02
-8.944995755172744794e+02 -1.241111336652252248e+02
-9.096647339363362335e+02 -1.320931724303572992e+02
-9.247870969268500403e+02 -1.402624693596662837e+02
-9.398645118637957694e+02 -1.486180725513613652e+02
-9.548948296195476360e+02 -1.571589961065958505e+02
-9.698759050909170583e+02 -1.658842202458752126e+02
-9.848055977275588475e+02 -1.747926914384036081e+02
-9.996817720614708378e+02 -1.838833225443979700e+02
-1.014502298237294212e+03 -1.931549929703737689e+02
-1.029265052543110869e+03 -2.026065488373869812e+02
-1.043967917941470205e+03 -2.122368031622418130e+02
-1.058608784600324270e+03 -2.220445360516180244e+02
-1.073185550423590030e+03 -2.320284949090948885e+02
-1.087696121581032685e+03 -2.421873946550249457e+02
-1.102138413037159125e+03 -2.525199179591870688e+02
-1.116510349078861736e+03 -2.630247154861885974e+02
-1.130809863841443075e+03 -2.737004061534873927e+02
-1.145034901832778360e+03 -2.845455774019853834e+02
-1.159183418455282663e+03 -2.955587854790790061e+02
-1.173253380525395414e+03 -3.067385557340603555e+02
-1.187242766790255246e+03 -3.180833829257360321e+02
-1.201149568441308020e+03 -3.295917315421597777e+02
-1.214971789624503344e+03 -3.412620361323095040e+02
-1.228707447946802858e+03 -3.530927016495661519e+02
-1.242354574978721757e+03 -3.650821038068520465e+02
-1.255911216752562950e+03 -3.772285894432150144e+02
-1.269375434256107610e+03 -3.895304769017257058e+02
-1.282745303921437880e+03 -4.019860564184591567e+02
-1.296018918108615480e+03 -4.145935905223748250e+02
-1.309194385583949952e+03 -4.273513144458927400e+02
-1.322269831099917610e+03 -4.402574356563757192e+02
-1.335243400319092416e+03 -4.533101387292012987e+02
-1.348113251591460539e+03 -4.665075771449155582e+02
-1.360877564205796489e+03 -4.798478814682390521e+02
-1.373534536572718935e+03 -4.933291576364031243e+02
-1.386082385387549493e+03 -5.069494860727090781e+02
-1.398519347139288129e+03 -5.207069232792605362e+02
-1.410843678321887637e+03 -5.345995021028314795e+02
-1.423053655851858366e+03 -5.486252322307589111e+02
-1.435147577477906225e+03 -5.627821006949545790e+02
-1.447123762182406153e+03 -5.770680723837698451e+02
-1.458980550574468225e+03 -5.914810905613746854e+02
-1.470716305274422893e+03 -6.060190773943877502e+02
-1.482329411289494146e+03 -6.206799344853994853e+02
-1.493818276380494353e+03 -6.354615434131100074e+02
-1.505181331419344133e+03 -6.503617662787374911e+02
-1.516417030737257846e+03 -6.653784462583944332e+02
-1.527523852463395542e+03 -6.805094081610654939e+02
-1.538500298853866980e+03 -6.957524589919016762e+02
-1.549344896610899923e+03 -7.111053885204566996e+02
-1.560056197192051286e+03 -7.265659698535491771e+02
-1.570632777109327435e+03 -7.421319600124097633e+02
-1.581073238218079723e+03 -7.578011005137593656e+02
-1.591376207995569075e+03 -7.735711179544846345e+02
-1.601540339809096395e+03 -7.894397245995726280e+02
-1.611564313173591245e+03 -8.054046189729474463e+02
-1.621446833998583315e+03 -8.214634864508732335e+02
-1.631186634824461862e+03 -8.376139998575622485e+02
-1.640782475047978323e+03 -8.538538200626821890e+02
-1.650233141136906170e+03 -8.701805965803675917e+02
-1.659537446833827289e+03 -8.865919681694458632e+02
-1.668694233348980561e+03 -9.030855634344777627e+02
-1.759379191527831836e+03 -1.089255295725110273e+03
-1.766685575791007750e+03 -1.106547730129444290e+03
-1.773831943938196218e+03 -1.123890909000507236e+03
-1.780817535836232537e+03 -1.141282381583115239e+03
-1.787641620400253260e+03 -1.158719695863066590e+03
-1.794303495613238965e+03 -1.176200399138115472e+03
-1.800802488535239945e+03 -1.193722038584587153e+03
-1.807137955302381897e+03 -1.211282161819345220e+03
-1.813309281115775548e+03 -1.228878317456889363e+03
-1.819315880220436838e+03 -1.246508055661317940e+03
-1.825157195874354102e+03 -1.264168928692941336e+03
-1.830832700307820005e+03 -1.281858491449288067e+03
-1.836341894673183788e+03 -1.299574302000324678e+03
-1.841684308985134749e+03 -1.317313922117599986e+03
-1.846859502051702748e+03 -1.335074917797219996e+03
-1.851867061396091685e+03 -1.352854859776325156e+03
-1.856706603169531945e+03 -1.370651324042996293e+03
-1.861377772055286414e+03 -1.388461892339303631e+03
-1.865880241164006975e+03 -1.406284152657429786e+03
-1.870213711920575179e+03 -1.424115699728585014e+03
-1.874377913942636269e+03 -1.441954135504657643e+03
-1.878372604910975724e+03 -1.459797069632385046e+03
-1.882197570431934537e+03 -1.477642119919923061e+03
-1.885852623892041493e+03 -1.495486912795681974e+03
-1.889337606305050258e+03 -1.513329083759296964e+03
-1.892652386151567498e+03 -1.531166277824617282e+03
-1.895796859211465971e+03 -1.548996149954592966e+03
-1.898770948389276327e+03 -1.566816365487985877e+03
-1.901574603532749052e+03 -1.584624600557764552e+03
-1.904207801244786197e+03 -1.602418542501133970e+03
-1.906670544688944119e+03 -1.620195890261117711e+03
-1.908962863388696178e+03 -1.637954354779581990e+03
-1.911084813020669344e+03 -1.655691659381699310e+03
-1.913036475202045040e+03 -1.673405540151748028e+03
-1.914817957272329295e+03 -1.691093746300202156e+03
-1.916429392069695723e+03 -1.708754040522110245e+03
-1.917870937702101855e+03 -1.726384199346668083e+03
-1.919142777313378474e+03 -1.743982013478022509e+03
-1.920245118844495209e+03 -1.761545288127209915e+03
-1.921178194790207272e+03 -1.779071843335309040e+03
-1.921942261951274077e+03 -1.796559514287715047e+03
-1.922537601182457820e+03 -1.814006151619575121e+03
-1.922964517136497989e+03 -1.831409621712397211e+03
-1.923223338004255083e+03 -1.848767806981830290e+03
-1.923314415251225455e+03 -1.866078606156620481e+03
-1.923238123350617343e+03 -1.883339934548810561e+03
-1.922994859513181837e+03 -1.900549724315161711e+03
-1.922585043413988160e+03 -1.917705924709858664e+03
-1.922009116916336779e+03 -1.934806502328562146e+03
-1.921267543871378393e+03 -1.951849439725737284e+03
-1.920360809543529513e+03 -1.968832742041553047e+03
-1.919289420738112995e+03 -1.985754427727376878e+03
-1.918053905259671637e+03 -2.002612535013306797e+03
-1.916654811684003107e+03 -2.019405120562662432e+03
-1.915092709068716886e+03 -2.036130259665088261e+03
-1.913368186662185281e+03 -2.052786046421379524e+03
-1.911481853611050155e+03 -2.069370593920144074e+03
-1.909434338666461144e+03 -2.085882034406350158e+03
-1.907226289889200416e+03 -2.102318519441868375e+03
-1.904858374353856334e+03 -2.118678220058089664e+03
-1.902331277852206313e+03 -2.134959326900692758e+03
-1.899645704595957341e+03 -2.151160050366698670e+03
-1.896802376918998107e+03 -2.167278620733859498e+03
-1.893802034979310292e+03 -2.183313288282517078e+03
-1.890645436460680003e+03 -2.199262323410019690e+03
-1.887333356274351218e+03 -2.215124016737813690e+03
-1.883866586260762460e+03 -2.230896679211296032e+03
-1.880245934891491061e+03 -2.246578642192572261e+03
-1.876472226971546661e+03 -2.262168257546190034e+03
-1.872546303342129477e+03 -2.277663897718015505e+03
-1.868469020583989504e+03 -2.293063955807291677e+03
-1.813889061306851545e+03 -2.455717442308839509e+03
-1.808067610586800356e+03 -2.469852765266881306e+03
-1.802107235392466464e+03 -2.483873517102001188e+03
-1.796008982106818166e+03 -2.497778384122583248e+03
-1.789773908547196470e+03 -2.511566073641020921e+03
-1.783403083692121299e+03 -2.525235313953990953e+03
-1.776897587410260257e+03 -2.538784854318042562e+03
-1.770258510191624964e+03 -2.552213464920635033e+03
-1.763486952881060006e+03 -2.565519936846718338e+03
-1.756584026414065875e+03 -2.578703082041031848e+03
-1.749550851555032295e+03 -2.591761733266185274e+03
-1.742388558637905362e+03 -2.604694744056688251e+03
-1.735098287309365560e+03 -2.617500988669014532e+03
-1.727681186274537822e+03 -2.630179362027846764e+03
-1.720138413045284551e+03 -2.642728779668608695e+03
-1.712471133691130490e+03 -2.655148177676389423e+03
-1.704680522592839225e+03 -2.667436512621400652e+03
-1.696767762198682703e+03 -2.679592761491076999e+03
-1.688734042783451287e+03 -2.691615921618892571e+03
-1.680580562210200242e+03 -2.703505010610077079e+03
-1.672308525694792024e+03 -2.715259066264282410e+03
-1.663919145573236847e+03 -2.726877146495338820e+03
-1.655413641071870870e+03 -2.738358329248196696e+03
-1.646793238080372021e+03 -2.749701712413172118e+03
-1.638059168927654355e+03 -2.760906413737588991e+03
-1.629212672160628017e+03 -2.771971570734935995e+03
-1.620254992325873900e+03 -2.782896340591623812e+03
-1.611187379754209360e+03 -2.793679900071454540e+03
-1.602011090348174775e+03 -2.804321445417907398e+03
-1.592727385372443678e+03 -2.814820192254324866e+03
-1.583337531247163952e+03 -2.825175375482097479e+03
-1.573842799344222385e+03 -2.835386249176962338e+03
-1.564244465786458704e+03 -2.845452086483473067e+03
-1.554543811249798637e+03 -2.855372179507760848e+03
-1.544742120768331461e+03 -2.865145839208669713e+03
-1.534840683542310671e+03 -2.874772395287341169e+03
-1.524840792749091634e+03 -2.884251196075347252e+03
-1.514743745356969839e+03 -2.893581608421462079e+03
-1.504550841941958879e+03 -2.902763017577122810e+03
-1.494263386507441055e+03 -2.911794827080715550e+03
-1.483882686306742471e+03 -2.920676458640699366e+03
-1.473410051668566666e+03 -2.929407352017705307e+03
-1.462846795825314530e+03 -2.937986964905650893e+03
-1.452194234744245023e+03 -2.946414772811956482e+03
-1.441453686961493304e+03 -2.954690268936935354e+03
-1.430626473418900787e+03 -2.962812964052424377e+03
-1.419713917303667813e+03 -2.970782386379727541e+03
-1.408717343890773009e+03 -2.978598081466951044e+03
-1.397638080388191838e+03 -2.986259612065765850e+03
-1.386477455784842732e+03 -2.993766558007699132e+03
-1.375236800701283300e+03 -3.001118516079985966e+03
-1.363917447243104789e+03 -3.008315099901060421e+03
-1.352520728856991354e+03 -3.015355939795760150e+03
-9.943735076901177763e+02 -3.150701081122459982e+03
-9.812773632563406636e+02 -3.152975459510307701e+03
-9.681451869162868888e+02 -3.155090241657068873e+03
-9.549782937396297484e+02 -3.157045527319543908e+03
-9.417779967180812264e+02 -3.158841428974383689e+03
-9.285456066961825172e+02 -3.160478071708174866e+03
-9.152824323037526710e+02 -3.161955593108444191e+03
